,Origin_country,Origin_Sector,Destination_country,value,Transition_country,Year
0,IDN,Growing wheat industry,XAM,0.0,VEN,2015
1,IDN,Growing maize industry,XAM,0.0022442111083597763,VEN,2015
2,IDN,Growing cereals n.e.c industry,XAM,0.0,VEN,2015
3,IDN,Growing leguminous crops and oil seeds industry,XAM,0.004600263378901399,VEN,2015
4,IDN,Growing rice industry,XAM,0.0,VEN,2015
5,IDN,"Growing vegetables, roots, tubers industry",XAM,0.0,VEN,2015
6,IDN,Growing sugar beet and cane industry,XAM,9.231215032899114e-07,VEN,2015
7,IDN,Growing tobacco industry,XAM,0.0,VEN,2015
8,IDN,Growing fibre crops industry,XAM,1.117382201330494e-05,VEN,2015
9,IDN,Growing crops n.e.c. industry,XAM,0.00021233737791464188,VEN,2015
10,IDN,Growing grapes industry,XAM,0.0,VEN,2015
11,IDN,Growing fruits and nuts industry,XAM,1.157179805333598e-05,VEN,2015
12,IDN,"Growing beverage crops (coffee, tea etc) industry",XAM,3.0329121467246503e-06,VEN,2015
13,IDN,"Growing spices, aromatic, drug and pharmaceutical crops industry",XAM,0.0034736794469780083,VEN,2015
14,IDN,Seeds and plant propagation industry,XAM,0.0,VEN,2015
15,IDN,Raising of cattle industry,XAM,7.640069677996135e-05,VEN,2015
16,IDN,Growing wheat industry,XEU,0.0,VEN,2015
17,IDN,Growing maize industry,XEU,0.0003682881044788957,VEN,2015
18,IDN,Growing cereals n.e.c industry,XEU,0.0,VEN,2015
19,IDN,Growing leguminous crops and oil seeds industry,XEU,0.0006183003842646828,VEN,2015
20,IDN,Growing rice industry,XEU,0.0,VEN,2015
21,IDN,"Growing vegetables, roots, tubers industry",XEU,0.0,VEN,2015
22,IDN,Growing sugar beet and cane industry,XEU,2.1623496468132207e-07,VEN,2015
23,IDN,Growing tobacco industry,XEU,0.0,VEN,2015
24,IDN,Growing fibre crops industry,XEU,2.6041915486425726e-06,VEN,2015
25,IDN,Growing crops n.e.c. industry,XEU,2.849070049893499e-05,VEN,2015
26,IDN,Growing grapes industry,XEU,0.0,VEN,2015
27,IDN,Growing fruits and nuts industry,XEU,1.1862222659631389e-06,VEN,2015
28,IDN,"Growing beverage crops (coffee, tea etc) industry",XEU,7.523169778111937e-07,VEN,2015
29,IDN,"Growing spices, aromatic, drug and pharmaceutical crops industry",XEU,0.00025869026255432697,VEN,2015
30,IDN,Seeds and plant propagation industry,XEU,0.0,VEN,2015
31,IDN,Raising of cattle industry,XEU,1.9433844978474684e-05,VEN,2015
32,IDN,Growing wheat industry,XAF,0.0,VEN,2015
33,IDN,Growing maize industry,XAF,4.270932060857506e-05,VEN,2015
34,IDN,Growing cereals n.e.c industry,XAF,0.0,VEN,2015
35,IDN,Growing leguminous crops and oil seeds industry,XAF,8.481847493922665e-05,VEN,2015
36,IDN,Growing rice industry,XAF,0.0,VEN,2015
37,IDN,"Growing vegetables, roots, tubers industry",XAF,0.0,VEN,2015
38,IDN,Growing sugar beet and cane industry,XAF,1.68943817588283e-08,VEN,2015
39,IDN,Growing tobacco industry,XAF,0.0,VEN,2015
40,IDN,Growing fibre crops industry,XAF,2.77234568854712e-07,VEN,2015
41,IDN,Growing crops n.e.c. industry,XAF,4.161592938178168e-06,VEN,2015
42,IDN,Growing grapes industry,XAF,0.0,VEN,2015
43,IDN,Growing fruits and nuts industry,XAF,1.5233169852827683e-07,VEN,2015
44,IDN,"Growing beverage crops (coffee, tea etc) industry",XAF,8.958966190301088e-08,VEN,2015
45,IDN,"Growing spices, aromatic, drug and pharmaceutical crops industry",XAF,2.7688003223129466e-05,VEN,2015
46,IDN,Seeds and plant propagation industry,XAF,0.0,VEN,2015
47,IDN,Raising of cattle industry,XAF,2.0509328670837017e-06,VEN,2015
48,IDN,Growing wheat industry,XAS,0.0,VEN,2015
49,IDN,Growing maize industry,XAS,4.3131939440596615e-05,VEN,2015
50,IDN,Growing cereals n.e.c industry,XAS,0.0,VEN,2015
51,IDN,Growing leguminous crops and oil seeds industry,XAS,7.643300461550883e-05,VEN,2015
52,IDN,Growing rice industry,XAS,0.0,VEN,2015
53,IDN,"Growing vegetables, roots, tubers industry",XAS,0.0,VEN,2015
54,IDN,Growing sugar beet and cane industry,XAS,1.866918869306641e-08,VEN,2015
55,IDN,Growing tobacco industry,XAS,0.0,VEN,2015
56,IDN,Growing fibre crops industry,XAS,2.8932547532940646e-07,VEN,2015
57,IDN,Growing crops n.e.c. industry,XAS,4.333226750257618e-06,VEN,2015
58,IDN,Growing grapes industry,XAS,0.0,VEN,2015
59,IDN,Growing fruits and nuts industry,XAS,1.5131379134942633e-07,VEN,2015
60,IDN,"Growing beverage crops (coffee, tea etc) industry",XAS,8.764777266575185e-08,VEN,2015
61,IDN,"Growing spices, aromatic, drug and pharmaceutical crops industry",XAS,2.4162277061051666e-05,VEN,2015
62,IDN,Seeds and plant propagation industry,XAS,0.0,VEN,2015
63,IDN,Raising of cattle industry,XAS,2.1178869442139975e-06,VEN,2015
64,IDN,Growing wheat industry,AFG,0.0,VEN,2015
65,IDN,Growing maize industry,AFG,9.725455075229393e-06,VEN,2015
66,IDN,Growing cereals n.e.c industry,AFG,0.0,VEN,2015
67,IDN,Growing leguminous crops and oil seeds industry,AFG,1.957129971784739e-05,VEN,2015
68,IDN,Growing rice industry,AFG,0.0,VEN,2015
69,IDN,"Growing vegetables, roots, tubers industry",AFG,0.0,VEN,2015
70,IDN,Growing sugar beet and cane industry,AFG,4.230404100347516e-09,VEN,2015
71,IDN,Growing tobacco industry,AFG,0.0,VEN,2015
72,IDN,Growing fibre crops industry,AFG,6.956411219106732e-08,VEN,2015
73,IDN,Growing crops n.e.c. industry,AFG,1.1051972291593869e-06,VEN,2015
74,IDN,Growing grapes industry,AFG,0.0,VEN,2015
75,IDN,Growing fruits and nuts industry,AFG,3.743077760719279e-08,VEN,2015
76,IDN,"Growing beverage crops (coffee, tea etc) industry",AFG,1.8974700478259174e-08,VEN,2015
77,IDN,"Growing spices, aromatic, drug and pharmaceutical crops industry",AFG,6.374461223027477e-06,VEN,2015
78,IDN,Seeds and plant propagation industry,AFG,0.0,VEN,2015
79,IDN,Raising of cattle industry,AFG,4.564320862556353e-07,VEN,2015
80,IDN,Growing wheat industry,AGO,0.0,VEN,2015
81,IDN,Growing maize industry,AGO,0.00010178834511067555,VEN,2015
82,IDN,Growing cereals n.e.c industry,AGO,0.0,VEN,2015
83,IDN,Growing leguminous crops and oil seeds industry,AGO,0.000195325521092468,VEN,2015
84,IDN,Growing rice industry,AGO,0.0,VEN,2015
85,IDN,"Growing vegetables, roots, tubers industry",AGO,0.0,VEN,2015
86,IDN,Growing sugar beet and cane industry,AGO,4.49050113931649e-08,VEN,2015
87,IDN,Growing tobacco industry,AGO,0.0,VEN,2015
88,IDN,Growing fibre crops industry,AGO,7.287582126333965e-07,VEN,2015
89,IDN,Growing crops n.e.c. industry,AGO,1.2349140272789798e-05,VEN,2015
90,IDN,Growing grapes industry,AGO,0.0,VEN,2015
91,IDN,Growing fruits and nuts industry,AGO,3.978404004131299e-07,VEN,2015
92,IDN,"Growing beverage crops (coffee, tea etc) industry",AGO,2.0505959674728516e-07,VEN,2015
93,IDN,"Growing spices, aromatic, drug and pharmaceutical crops industry",AGO,6.286408892320001e-05,VEN,2015
94,IDN,Seeds and plant propagation industry,AGO,0.0,VEN,2015
95,IDN,Raising of cattle industry,AGO,4.673933207487149e-06,VEN,2015
96,IDN,Growing wheat industry,ALB,0.0,VEN,2015
97,IDN,Growing maize industry,ALB,2.0262542203647127e-05,VEN,2015
98,IDN,Growing cereals n.e.c industry,ALB,0.0,VEN,2015
99,IDN,Growing leguminous crops and oil seeds industry,ALB,4.2674832966494674e-05,VEN,2015
100,IDN,Growing rice industry,ALB,0.0,VEN,2015
101,IDN,"Growing vegetables, roots, tubers industry",ALB,0.0,VEN,2015
102,IDN,Growing sugar beet and cane industry,ALB,7.894558203340574e-09,VEN,2015
103,IDN,Growing tobacco industry,ALB,0.0,VEN,2015
104,IDN,Growing fibre crops industry,ALB,1.322504657513082e-07,VEN,2015
105,IDN,Growing crops n.e.c. industry,ALB,2.004740910333275e-06,VEN,2015
106,IDN,Growing grapes industry,ALB,0.0,VEN,2015
107,IDN,Growing fruits and nuts industry,ALB,7.737396272330847e-08,VEN,2015
108,IDN,"Growing beverage crops (coffee, tea etc) industry",ALB,4.483663005605654e-08,VEN,2015
109,IDN,"Growing spices, aromatic, drug and pharmaceutical crops industry",ALB,2.0034359085574282e-05,VEN,2015
110,IDN,Seeds and plant propagation industry,ALB,0.0,VEN,2015
111,IDN,Raising of cattle industry,ALB,9.145758182207306e-07,VEN,2015
112,IDN,Growing wheat industry,ARE,0.0,VEN,2015
113,IDN,Growing maize industry,ARE,0.0003729275403633001,VEN,2015
114,IDN,Growing cereals n.e.c industry,ARE,0.0,VEN,2015
115,IDN,Growing leguminous crops and oil seeds industry,ARE,0.0007305800281922927,VEN,2015
116,IDN,Growing rice industry,ARE,0.0,VEN,2015
117,IDN,"Growing vegetables, roots, tubers industry",ARE,0.0,VEN,2015
118,IDN,Growing sugar beet and cane industry,ARE,1.5682804585490393e-07,VEN,2015
119,IDN,Growing tobacco industry,ARE,0.0,VEN,2015
120,IDN,Growing fibre crops industry,ARE,2.514211335956446e-06,VEN,2015
121,IDN,Growing crops n.e.c. industry,ARE,4.5956557743745345e-05,VEN,2015
122,IDN,Growing grapes industry,ARE,0.0,VEN,2015
123,IDN,Growing fruits and nuts industry,ARE,1.3398481327846256e-06,VEN,2015
124,IDN,"Growing beverage crops (coffee, tea etc) industry",ARE,7.366394429642133e-07,VEN,2015
125,IDN,"Growing spices, aromatic, drug and pharmaceutical crops industry",ARE,0.0002667213247113,VEN,2015
126,IDN,Seeds and plant propagation industry,ARE,0.0,VEN,2015
127,IDN,Raising of cattle industry,ARE,1.7843320337402734e-05,VEN,2015
128,IDN,Growing wheat industry,ARG,0.0,VEN,2015
129,IDN,Growing maize industry,ARG,0.0006881133074593981,VEN,2015
130,IDN,Growing cereals n.e.c industry,ARG,0.0,VEN,2015
131,IDN,Growing leguminous crops and oil seeds industry,ARG,0.001461297554989144,VEN,2015
132,IDN,Growing rice industry,ARG,0.0,VEN,2015
133,IDN,"Growing vegetables, roots, tubers industry",ARG,0.0,VEN,2015
134,IDN,Growing sugar beet and cane industry,ARG,3.220765439415734e-07,VEN,2015
135,IDN,Growing tobacco industry,ARG,0.0,VEN,2015
136,IDN,Growing fibre crops industry,ARG,4.3364539419493516e-06,VEN,2015
137,IDN,Growing crops n.e.c. industry,ARG,0.00010097755713103952,VEN,2015
138,IDN,Growing grapes industry,ARG,0.0,VEN,2015
139,IDN,Growing fruits and nuts industry,ARG,2.7186804616416695e-06,VEN,2015
140,IDN,"Growing beverage crops (coffee, tea etc) industry",ARG,1.1731749028636027e-06,VEN,2015
141,IDN,"Growing spices, aromatic, drug and pharmaceutical crops industry",ARG,0.0005530489782308235,VEN,2015
142,IDN,Seeds and plant propagation industry,ARG,0.0,VEN,2015
143,IDN,Raising of cattle industry,ARG,3.014672925697743e-05,VEN,2015
144,IDN,Growing wheat industry,ARM,0.0,VEN,2015
145,IDN,Growing maize industry,ARM,1.268715154520654e-05,VEN,2015
146,IDN,Growing cereals n.e.c industry,ARM,0.0,VEN,2015
147,IDN,Growing leguminous crops and oil seeds industry,ARM,3.0335836447833025e-05,VEN,2015
148,IDN,Growing rice industry,ARM,0.0,VEN,2015
149,IDN,"Growing vegetables, roots, tubers industry",ARM,0.0,VEN,2015
150,IDN,Growing sugar beet and cane industry,ARM,5.48659460107643e-09,VEN,2015
151,IDN,Growing tobacco industry,ARM,0.0,VEN,2015
152,IDN,Growing fibre crops industry,ARM,8.792425845021102e-08,VEN,2015
153,IDN,Growing crops n.e.c. industry,ARM,1.3055022947343895e-06,VEN,2015
154,IDN,Growing grapes industry,ARM,0.0,VEN,2015
155,IDN,Growing fruits and nuts industry,ARM,5.4114987531713826e-08,VEN,2015
156,IDN,"Growing beverage crops (coffee, tea etc) industry",ARM,2.5097529627268277e-08,VEN,2015
157,IDN,"Growing spices, aromatic, drug and pharmaceutical crops industry",ARM,1.1396581453437724e-05,VEN,2015
158,IDN,Seeds and plant propagation industry,ARM,0.0,VEN,2015
159,IDN,Raising of cattle industry,ARM,5.852583741215309e-07,VEN,2015
160,IDN,Growing wheat industry,AUS,0.0,VEN,2015
161,IDN,Growing maize industry,AUS,0.0009240787522407436,VEN,2015
162,IDN,Growing cereals n.e.c industry,AUS,0.0,VEN,2015
163,IDN,Growing leguminous crops and oil seeds industry,AUS,0.0017248851600508179,VEN,2015
164,IDN,Growing rice industry,AUS,0.0,VEN,2015
165,IDN,"Growing vegetables, roots, tubers industry",AUS,0.0,VEN,2015
166,IDN,Growing sugar beet and cane industry,AUS,4.577272543683828e-07,VEN,2015
167,IDN,Growing tobacco industry,AUS,0.0,VEN,2015
168,IDN,Growing fibre crops industry,AUS,6.935150139847801e-06,VEN,2015
169,IDN,Growing crops n.e.c. industry,AUS,0.00013041062995143216,VEN,2015
170,IDN,Growing grapes industry,AUS,0.0,VEN,2015
171,IDN,Growing fruits and nuts industry,AUS,3.326114645364008e-06,VEN,2015
172,IDN,"Growing beverage crops (coffee, tea etc) industry",AUS,1.7771169666782297e-06,VEN,2015
173,IDN,"Growing spices, aromatic, drug and pharmaceutical crops industry",AUS,0.0007335480708949766,VEN,2015
174,IDN,Seeds and plant propagation industry,AUS,0.0,VEN,2015
175,IDN,Raising of cattle industry,AUS,4.4949532679757785e-05,VEN,2015
176,IDN,Growing wheat industry,AUT,0.0,VEN,2015
177,IDN,Growing maize industry,AUT,0.0005778112613825137,VEN,2015
178,IDN,Growing cereals n.e.c industry,AUT,0.0,VEN,2015
179,IDN,Growing leguminous crops and oil seeds industry,AUT,0.0010111516476582895,VEN,2015
180,IDN,Growing rice industry,AUT,0.0,VEN,2015
181,IDN,"Growing vegetables, roots, tubers industry",AUT,0.0,VEN,2015
182,IDN,Growing sugar beet and cane industry,AUT,2.736711572983197e-07,VEN,2015
183,IDN,Growing tobacco industry,AUT,0.0,VEN,2015
184,IDN,Growing fibre crops industry,AUT,4.3842734555082135e-06,VEN,2015
185,IDN,Growing crops n.e.c. industry,AUT,6.662655702557e-05,VEN,2015
186,IDN,Growing grapes industry,AUT,0.0,VEN,2015
187,IDN,Growing fruits and nuts industry,AUT,1.9229193670050215e-06,VEN,2015
188,IDN,"Growing beverage crops (coffee, tea etc) industry",AUT,1.5462484683153546e-06,VEN,2015
189,IDN,"Growing spices, aromatic, drug and pharmaceutical crops industry",AUT,0.00042972144410445204,VEN,2015
190,IDN,Seeds and plant propagation industry,AUT,0.0,VEN,2015
191,IDN,Raising of cattle industry,AUT,2.931698845313178e-05,VEN,2015
192,IDN,Growing wheat industry,AZE,0.0,VEN,2015
193,IDN,Growing maize industry,AZE,2.777790039613643e-05,VEN,2015
194,IDN,Growing cereals n.e.c industry,AZE,0.0,VEN,2015
195,IDN,Growing leguminous crops and oil seeds industry,AZE,6.0203519613814974e-05,VEN,2015
196,IDN,Growing rice industry,AZE,0.0,VEN,2015
197,IDN,"Growing vegetables, roots, tubers industry",AZE,0.0,VEN,2015
198,IDN,Growing sugar beet and cane industry,AZE,1.1790834415181039e-08,VEN,2015
199,IDN,Growing tobacco industry,AZE,0.0,VEN,2015
200,IDN,Growing fibre crops industry,AZE,2.0374786630238046e-07,VEN,2015
201,IDN,Growing crops n.e.c. industry,AZE,3.238927113400744e-06,VEN,2015
202,IDN,Growing grapes industry,AZE,0.0,VEN,2015
203,IDN,Growing fruits and nuts industry,AZE,1.1027721652229795e-07,VEN,2015
204,IDN,"Growing beverage crops (coffee, tea etc) industry",AZE,5.9124454317778287e-08,VEN,2015
205,IDN,"Growing spices, aromatic, drug and pharmaceutical crops industry",AZE,2.5691468426789506e-05,VEN,2015
206,IDN,Seeds and plant propagation industry,AZE,0.0,VEN,2015
207,IDN,Raising of cattle industry,AZE,1.40365458954059e-06,VEN,2015
208,IDN,Growing wheat industry,BDI,0.0,VEN,2015
209,IDN,Growing maize industry,BDI,1.2090536161666758e-06,VEN,2015
210,IDN,Growing cereals n.e.c industry,BDI,0.0,VEN,2015
211,IDN,Growing leguminous crops and oil seeds industry,BDI,2.653311727269541e-06,VEN,2015
212,IDN,Growing rice industry,BDI,0.0,VEN,2015
213,IDN,"Growing vegetables, roots, tubers industry",BDI,0.0,VEN,2015
214,IDN,Growing sugar beet and cane industry,BDI,6.228340233853991e-10,VEN,2015
215,IDN,Growing tobacco industry,BDI,0.0,VEN,2015
216,IDN,Growing fibre crops industry,BDI,8.677713997112339e-09,VEN,2015
217,IDN,Growing crops n.e.c. industry,BDI,1.3053069490801042e-07,VEN,2015
218,IDN,Growing grapes industry,BDI,0.0,VEN,2015
219,IDN,Growing fruits and nuts industry,BDI,4.816106771475312e-09,VEN,2015
220,IDN,"Growing beverage crops (coffee, tea etc) industry",BDI,2.4710339628939275e-09,VEN,2015
221,IDN,"Growing spices, aromatic, drug and pharmaceutical crops industry",BDI,9.159113579390072e-07,VEN,2015
222,IDN,Seeds and plant propagation industry,BDI,0.0,VEN,2015
223,IDN,Raising of cattle industry,BDI,5.6022639711054585e-08,VEN,2015
224,IDN,Growing wheat industry,BEL,0.0,VEN,2015
225,IDN,Growing maize industry,BEL,0.0009211765539590225,VEN,2015
226,IDN,Growing cereals n.e.c industry,BEL,0.0,VEN,2015
227,IDN,Growing leguminous crops and oil seeds industry,BEL,0.0021278641630196595,VEN,2015
228,IDN,Growing rice industry,BEL,0.0,VEN,2015
229,IDN,"Growing vegetables, roots, tubers industry",BEL,0.0,VEN,2015
230,IDN,Growing sugar beet and cane industry,BEL,4.002044075923231e-07,VEN,2015
231,IDN,Growing tobacco industry,BEL,0.0,VEN,2015
232,IDN,Growing fibre crops industry,BEL,6.884442975877305e-06,VEN,2015
233,IDN,Growing crops n.e.c. industry,BEL,0.00011524295938821356,VEN,2015
234,IDN,Growing grapes industry,BEL,0.0,VEN,2015
235,IDN,Growing fruits and nuts industry,BEL,3.79530318016284e-06,VEN,2015
236,IDN,"Growing beverage crops (coffee, tea etc) industry",BEL,2.016145594543036e-06,VEN,2015
237,IDN,"Growing spices, aromatic, drug and pharmaceutical crops industry",BEL,0.0007680413736609646,VEN,2015
238,IDN,Seeds and plant propagation industry,BEL,0.0,VEN,2015
239,IDN,Raising of cattle industry,BEL,4.688006734836769e-05,VEN,2015
240,IDN,Growing wheat industry,BEN,0.0,VEN,2015
241,IDN,Growing maize industry,BEN,2.2756483820399848e-05,VEN,2015
242,IDN,Growing cereals n.e.c industry,BEN,0.0,VEN,2015
243,IDN,Growing leguminous crops and oil seeds industry,BEN,4.551262429957208e-05,VEN,2015
244,IDN,Growing rice industry,BEN,0.0,VEN,2015
245,IDN,"Growing vegetables, roots, tubers industry",BEN,0.0,VEN,2015
246,IDN,Growing sugar beet and cane industry,BEN,8.820423602550823e-09,VEN,2015
247,IDN,Growing tobacco industry,BEN,0.0,VEN,2015
248,IDN,Growing fibre crops industry,BEN,1.4129974185092778e-07,VEN,2015
249,IDN,Growing crops n.e.c. industry,BEN,1.6697447684229033e-06,VEN,2015
250,IDN,Growing grapes industry,BEN,0.0,VEN,2015
251,IDN,Growing fruits and nuts industry,BEN,8.1678733176347e-08,VEN,2015
252,IDN,"Growing beverage crops (coffee, tea etc) industry",BEN,4.7158243255341476e-08,VEN,2015
253,IDN,"Growing spices, aromatic, drug and pharmaceutical crops industry",BEN,1.4625741491863073e-05,VEN,2015
254,IDN,Seeds and plant propagation industry,BEN,0.0,VEN,2015
255,IDN,Raising of cattle industry,BEN,1.0879763661847726e-06,VEN,2015
256,IDN,Growing wheat industry,BFA,0.0,VEN,2015
257,IDN,Growing maize industry,BFA,0.00046594093496552983,VEN,2015
258,IDN,Growing cereals n.e.c industry,BFA,0.0,VEN,2015
259,IDN,Growing leguminous crops and oil seeds industry,BFA,0.0008308849158154939,VEN,2015
260,IDN,Growing rice industry,BFA,0.0,VEN,2015
261,IDN,"Growing vegetables, roots, tubers industry",BFA,0.0,VEN,2015
262,IDN,Growing sugar beet and cane industry,BFA,2.025821449278541e-07,VEN,2015
263,IDN,Growing tobacco industry,BFA,0.0,VEN,2015
264,IDN,Growing fibre crops industry,BFA,3.8617280194020195e-06,VEN,2015
265,IDN,Growing crops n.e.c. industry,BFA,5.406308203174202e-05,VEN,2015
266,IDN,Growing grapes industry,BFA,0.0,VEN,2015
267,IDN,Growing fruits and nuts industry,BFA,1.7697361248647664e-06,VEN,2015
268,IDN,"Growing beverage crops (coffee, tea etc) industry",BFA,7.835704821508759e-07,VEN,2015
269,IDN,"Growing spices, aromatic, drug and pharmaceutical crops industry",BFA,0.0003480704125873152,VEN,2015
270,IDN,Seeds and plant propagation industry,BFA,0.0,VEN,2015
271,IDN,Raising of cattle industry,BFA,2.0717498164968073e-05,VEN,2015
272,IDN,Growing wheat industry,BGD,0.0,VEN,2015
273,IDN,Growing maize industry,BGD,0.0001325397846917934,VEN,2015
274,IDN,Growing cereals n.e.c industry,BGD,0.0,VEN,2015
275,IDN,Growing leguminous crops and oil seeds industry,BGD,0.0002787778572486316,VEN,2015
276,IDN,Growing rice industry,BGD,0.0,VEN,2015
277,IDN,"Growing vegetables, roots, tubers industry",BGD,0.0,VEN,2015
278,IDN,Growing sugar beet and cane industry,BGD,6.536162130696273e-08,VEN,2015
279,IDN,Growing tobacco industry,BGD,0.0,VEN,2015
280,IDN,Growing fibre crops industry,BGD,9.537398554664093e-07,VEN,2015
281,IDN,Growing crops n.e.c. industry,BGD,1.8033691587397842e-05,VEN,2015
282,IDN,Growing grapes industry,BGD,0.0,VEN,2015
283,IDN,Growing fruits and nuts industry,BGD,4.931675934928784e-07,VEN,2015
284,IDN,"Growing beverage crops (coffee, tea etc) industry",BGD,2.5893924509638475e-07,VEN,2015
285,IDN,"Growing spices, aromatic, drug and pharmaceutical crops industry",BGD,0.00012536012233684327,VEN,2015
286,IDN,Seeds and plant propagation industry,BGD,0.0,VEN,2015
287,IDN,Raising of cattle industry,BGD,6.6234150363173145e-06,VEN,2015
288,IDN,Growing wheat industry,BGR,0.0,VEN,2015
289,IDN,Growing maize industry,BGR,6.516690317936702e-05,VEN,2015
290,IDN,Growing cereals n.e.c industry,BGR,0.0,VEN,2015
291,IDN,Growing leguminous crops and oil seeds industry,BGR,0.0001303905789277677,VEN,2015
292,IDN,Growing rice industry,BGR,0.0,VEN,2015
293,IDN,"Growing vegetables, roots, tubers industry",BGR,0.0,VEN,2015
294,IDN,Growing sugar beet and cane industry,BGR,3.437159895362992e-08,VEN,2015
295,IDN,Growing tobacco industry,BGR,0.0,VEN,2015
296,IDN,Growing fibre crops industry,BGR,5.206358017113466e-07,VEN,2015
297,IDN,Growing crops n.e.c. industry,BGR,7.813656844057514e-06,VEN,2015
298,IDN,Growing grapes industry,BGR,0.0,VEN,2015
299,IDN,Growing fruits and nuts industry,BGR,2.3729515305533868e-07,VEN,2015
300,IDN,"Growing beverage crops (coffee, tea etc) industry",BGR,1.5327164564397676e-07,VEN,2015
301,IDN,"Growing spices, aromatic, drug and pharmaceutical crops industry",BGR,4.2378333529366255e-05,VEN,2015
302,IDN,Seeds and plant propagation industry,BGR,0.0,VEN,2015
303,IDN,Raising of cattle industry,BGR,3.374958681139602e-06,VEN,2015
304,IDN,Growing wheat industry,BHR,0.0,VEN,2015
305,IDN,Growing maize industry,BHR,5.762471677887092e-05,VEN,2015
306,IDN,Growing cereals n.e.c industry,BHR,0.0,VEN,2015
307,IDN,Growing leguminous crops and oil seeds industry,BHR,0.00011157595970348547,VEN,2015
308,IDN,Growing rice industry,BHR,0.0,VEN,2015
309,IDN,"Growing vegetables, roots, tubers industry",BHR,0.0,VEN,2015
310,IDN,Growing sugar beet and cane industry,BHR,2.6716614747697505e-08,VEN,2015
311,IDN,Growing tobacco industry,BHR,0.0,VEN,2015
312,IDN,Growing fibre crops industry,BHR,4.051836099144219e-07,VEN,2015
313,IDN,Growing crops n.e.c. industry,BHR,8.444985474697457e-06,VEN,2015
314,IDN,Growing grapes industry,BHR,0.0,VEN,2015
315,IDN,Growing fruits and nuts industry,BHR,2.0855160085696534e-07,VEN,2015
316,IDN,"Growing beverage crops (coffee, tea etc) industry",BHR,1.1078936377814522e-07,VEN,2015
317,IDN,"Growing spices, aromatic, drug and pharmaceutical crops industry",BHR,5.292930324848093e-05,VEN,2015
318,IDN,Seeds and plant propagation industry,BHR,0.0,VEN,2015
319,IDN,Raising of cattle industry,BHR,2.830359485418487e-06,VEN,2015
320,IDN,Growing wheat industry,BHS,0.0,VEN,2015
321,IDN,Growing maize industry,BHS,3.996422126905912e-05,VEN,2015
322,IDN,Growing cereals n.e.c industry,BHS,0.0,VEN,2015
323,IDN,Growing leguminous crops and oil seeds industry,BHS,6.755418010187853e-05,VEN,2015
324,IDN,Growing rice industry,BHS,0.0,VEN,2015
325,IDN,"Growing vegetables, roots, tubers industry",BHS,0.0,VEN,2015
326,IDN,Growing sugar beet and cane industry,BHS,1.4958963579851366e-08,VEN,2015
327,IDN,Growing tobacco industry,BHS,0.0,VEN,2015
328,IDN,Growing fibre crops industry,BHS,2.445773080055564e-07,VEN,2015
329,IDN,Growing crops n.e.c. industry,BHS,2.9282201833951136e-06,VEN,2015
330,IDN,Growing grapes industry,BHS,0.0,VEN,2015
331,IDN,Growing fruits and nuts industry,BHS,1.3326390746807123e-07,VEN,2015
332,IDN,"Growing beverage crops (coffee, tea etc) industry",BHS,8.497058223375786e-08,VEN,2015
333,IDN,"Growing spices, aromatic, drug and pharmaceutical crops industry",BHS,1.7600206203981117e-05,VEN,2015
334,IDN,Seeds and plant propagation industry,BHS,0.0,VEN,2015
335,IDN,Raising of cattle industry,BHS,1.9472289663167797e-06,VEN,2015
336,IDN,Growing wheat industry,BIH,0.0,VEN,2015
337,IDN,Growing maize industry,BIH,2.4180257576289245e-05,VEN,2015
338,IDN,Growing cereals n.e.c industry,BIH,0.0,VEN,2015
339,IDN,Growing leguminous crops and oil seeds industry,BIH,5.5436372206115425e-05,VEN,2015
340,IDN,Growing rice industry,BIH,0.0,VEN,2015
341,IDN,"Growing vegetables, roots, tubers industry",BIH,0.0,VEN,2015
342,IDN,Growing sugar beet and cane industry,BIH,1.1066553390497457e-08,VEN,2015
343,IDN,Growing tobacco industry,BIH,0.0,VEN,2015
344,IDN,Growing fibre crops industry,BIH,1.6912588713926367e-07,VEN,2015
345,IDN,Growing crops n.e.c. industry,BIH,2.385392967806732e-06,VEN,2015
346,IDN,Growing grapes industry,BIH,0.0,VEN,2015
347,IDN,Growing fruits and nuts industry,BIH,1.0559150029753649e-07,VEN,2015
348,IDN,"Growing beverage crops (coffee, tea etc) industry",BIH,5.422613877216389e-08,VEN,2015
349,IDN,"Growing spices, aromatic, drug and pharmaceutical crops industry",BIH,2.0892845724195383e-05,VEN,2015
350,IDN,Seeds and plant propagation industry,BIH,0.0,VEN,2015
351,IDN,Raising of cattle industry,BIH,1.1477631205896792e-06,VEN,2015
352,IDN,Growing wheat industry,BLR,0.0,VEN,2015
353,IDN,Growing maize industry,BLR,0.00012057022472939883,VEN,2015
354,IDN,Growing cereals n.e.c industry,BLR,0.0,VEN,2015
355,IDN,Growing leguminous crops and oil seeds industry,BLR,0.00021985137265887776,VEN,2015
356,IDN,Growing rice industry,BLR,0.0,VEN,2015
357,IDN,"Growing vegetables, roots, tubers industry",BLR,0.0,VEN,2015
358,IDN,Growing sugar beet and cane industry,BLR,5.3458308079847255e-08,VEN,2015
359,IDN,Growing tobacco industry,BLR,0.0,VEN,2015
360,IDN,Growing fibre crops industry,BLR,8.663424416335706e-07,VEN,2015
361,IDN,Growing crops n.e.c. industry,BLR,1.4253233429655287e-05,VEN,2015
362,IDN,Growing grapes industry,BLR,0.0,VEN,2015
363,IDN,Growing fruits and nuts industry,BLR,4.166226951040163e-07,VEN,2015
364,IDN,"Growing beverage crops (coffee, tea etc) industry",BLR,2.4230179190026646e-07,VEN,2015
365,IDN,"Growing spices, aromatic, drug and pharmaceutical crops industry",BLR,8.095939317164739e-05,VEN,2015
366,IDN,Seeds and plant propagation industry,BLR,0.0,VEN,2015
367,IDN,Raising of cattle industry,BLR,6.172396158344971e-06,VEN,2015
368,IDN,Growing wheat industry,BLZ,0.0,VEN,2015
369,IDN,Growing maize industry,BLZ,3.8764394463339736e-05,VEN,2015
370,IDN,Growing cereals n.e.c industry,BLZ,0.0,VEN,2015
371,IDN,Growing leguminous crops and oil seeds industry,BLZ,6.200939613320212e-05,VEN,2015
372,IDN,Growing rice industry,BLZ,0.0,VEN,2015
373,IDN,"Growing vegetables, roots, tubers industry",BLZ,0.0,VEN,2015
374,IDN,Growing sugar beet and cane industry,BLZ,1.4307710679526613e-08,VEN,2015
375,IDN,Growing tobacco industry,BLZ,0.0,VEN,2015
376,IDN,Growing fibre crops industry,BLZ,2.1913212827118117e-07,VEN,2015
377,IDN,Growing crops n.e.c. industry,BLZ,2.195857655516558e-06,VEN,2015
378,IDN,Growing grapes industry,BLZ,0.0,VEN,2015
379,IDN,Growing fruits and nuts industry,BLZ,1.5016855191370051e-07,VEN,2015
380,IDN,"Growing beverage crops (coffee, tea etc) industry",BLZ,7.537315986174749e-08,VEN,2015
381,IDN,"Growing spices, aromatic, drug and pharmaceutical crops industry",BLZ,3.0848889400345784e-05,VEN,2015
382,IDN,Seeds and plant propagation industry,BLZ,0.0,VEN,2015
383,IDN,Raising of cattle industry,BLZ,1.7923676436555821e-06,VEN,2015
384,IDN,Growing wheat industry,BOL,0.0,VEN,2015
385,IDN,Growing maize industry,BOL,0.00014918160416046365,VEN,2015
386,IDN,Growing cereals n.e.c industry,BOL,0.0,VEN,2015
387,IDN,Growing leguminous crops and oil seeds industry,BOL,0.0003204022249143524,VEN,2015
388,IDN,Growing rice industry,BOL,0.0,VEN,2015
389,IDN,"Growing vegetables, roots, tubers industry",BOL,0.0,VEN,2015
390,IDN,Growing sugar beet and cane industry,BOL,1.1240280038874223e-07,VEN,2015
391,IDN,Growing tobacco industry,BOL,0.0,VEN,2015
392,IDN,Growing fibre crops industry,BOL,1.4557533724617741e-06,VEN,2015
393,IDN,Growing crops n.e.c. industry,BOL,1.5856070710197204e-05,VEN,2015
394,IDN,Growing grapes industry,BOL,0.0,VEN,2015
395,IDN,Growing fruits and nuts industry,BOL,6.23088932854111e-07,VEN,2015
396,IDN,"Growing beverage crops (coffee, tea etc) industry",BOL,2.2598572475551885e-07,VEN,2015
397,IDN,"Growing spices, aromatic, drug and pharmaceutical crops industry",BOL,0.00014052704394374534,VEN,2015
398,IDN,Seeds and plant propagation industry,BOL,0.0,VEN,2015
399,IDN,Raising of cattle industry,BOL,6.9814853024748656e-06,VEN,2015
400,IDN,Growing wheat industry,BRA,0.0,VEN,2015
401,IDN,Growing maize industry,BRA,0.0047532497061659644,VEN,2015
402,IDN,Growing cereals n.e.c industry,BRA,0.0,VEN,2015
403,IDN,Growing leguminous crops and oil seeds industry,BRA,0.010557013898064125,VEN,2015
404,IDN,Growing rice industry,BRA,0.0,VEN,2015
405,IDN,"Growing vegetables, roots, tubers industry",BRA,0.0,VEN,2015
406,IDN,Growing sugar beet and cane industry,BRA,2.3649405697602346e-06,VEN,2015
407,IDN,Growing tobacco industry,BRA,0.0,VEN,2015
408,IDN,Growing fibre crops industry,BRA,2.8890291977331655e-05,VEN,2015
409,IDN,Growing crops n.e.c. industry,BRA,0.0006815705178259427,VEN,2015
410,IDN,Growing grapes industry,BRA,0.0,VEN,2015
411,IDN,Growing fruits and nuts industry,BRA,1.8981740268638516e-05,VEN,2015
412,IDN,"Growing beverage crops (coffee, tea etc) industry",BRA,8.274706459067331e-06,VEN,2015
413,IDN,"Growing spices, aromatic, drug and pharmaceutical crops industry",BRA,0.0034961833224476527,VEN,2015
414,IDN,Seeds and plant propagation industry,BRA,0.0,VEN,2015
415,IDN,Raising of cattle industry,BRA,0.00021177439485350793,VEN,2015
416,IDN,Growing wheat industry,BRN,0.0,VEN,2015
417,IDN,Growing maize industry,BRN,1.7483633197144625e-05,VEN,2015
418,IDN,Growing cereals n.e.c industry,BRN,0.0,VEN,2015
419,IDN,Growing leguminous crops and oil seeds industry,BRN,3.276760451308123e-05,VEN,2015
420,IDN,Growing rice industry,BRN,0.0,VEN,2015
421,IDN,"Growing vegetables, roots, tubers industry",BRN,0.0,VEN,2015
422,IDN,Growing sugar beet and cane industry,BRN,7.592662889325137e-09,VEN,2015
423,IDN,Growing tobacco industry,BRN,0.0,VEN,2015
424,IDN,Growing fibre crops industry,BRN,1.2169382300567305e-07,VEN,2015
425,IDN,Growing crops n.e.c. industry,BRN,2.509502729321756e-06,VEN,2015
426,IDN,Growing grapes industry,BRN,0.0,VEN,2015
427,IDN,Growing fruits and nuts industry,BRN,6.229905385451132e-08,VEN,2015
428,IDN,"Growing beverage crops (coffee, tea etc) industry",BRN,3.5929989124860245e-08,VEN,2015
429,IDN,"Growing spices, aromatic, drug and pharmaceutical crops industry",BRN,1.1513111809122263e-05,VEN,2015
430,IDN,Seeds and plant propagation industry,BRN,0.0,VEN,2015
431,IDN,Raising of cattle industry,BRN,8.545930410412986e-07,VEN,2015
432,IDN,Growing wheat industry,BTN,0.0,VEN,2015
433,IDN,Growing maize industry,BTN,1.5705972151832312e-06,VEN,2015
434,IDN,Growing cereals n.e.c industry,BTN,0.0,VEN,2015
435,IDN,Growing leguminous crops and oil seeds industry,BTN,3.335478685841435e-06,VEN,2015
436,IDN,Growing rice industry,BTN,0.0,VEN,2015
437,IDN,"Growing vegetables, roots, tubers industry",BTN,0.0,VEN,2015
438,IDN,Growing sugar beet and cane industry,BTN,6.427807654458368e-10,VEN,2015
439,IDN,Growing tobacco industry,BTN,0.0,VEN,2015
440,IDN,Growing fibre crops industry,BTN,1.0772933274256632e-08,VEN,2015
441,IDN,Growing crops n.e.c. industry,BTN,1.777110724324262e-07,VEN,2015
442,IDN,Growing grapes industry,BTN,0.0,VEN,2015
443,IDN,Growing fruits and nuts industry,BTN,6.3973422755790244e-09,VEN,2015
444,IDN,"Growing beverage crops (coffee, tea etc) industry",BTN,3.0370701447044524e-09,VEN,2015
445,IDN,"Growing spices, aromatic, drug and pharmaceutical crops industry",BTN,1.1445153470113901e-06,VEN,2015
446,IDN,Seeds and plant propagation industry,BTN,0.0,VEN,2015
447,IDN,Raising of cattle industry,BTN,7.215384273400461e-08,VEN,2015
448,IDN,Growing wheat industry,BWA,0.0,VEN,2015
449,IDN,Growing maize industry,BWA,1.0976502766527186e-05,VEN,2015
450,IDN,Growing cereals n.e.c industry,BWA,0.0,VEN,2015
451,IDN,Growing leguminous crops and oil seeds industry,BWA,2.4520474832419775e-05,VEN,2015
452,IDN,Growing rice industry,BWA,0.0,VEN,2015
453,IDN,"Growing vegetables, roots, tubers industry",BWA,0.0,VEN,2015
454,IDN,Growing sugar beet and cane industry,BWA,4.763528152557245e-09,VEN,2015
455,IDN,Growing tobacco industry,BWA,0.0,VEN,2015
456,IDN,Growing fibre crops industry,BWA,8.097265876587496e-08,VEN,2015
457,IDN,Growing crops n.e.c. industry,BWA,1.3783279385088524e-06,VEN,2015
458,IDN,Growing grapes industry,BWA,0.0,VEN,2015
459,IDN,Growing fruits and nuts industry,BWA,4.447384870869196e-08,VEN,2015
460,IDN,"Growing beverage crops (coffee, tea etc) industry",BWA,2.162984308605758e-08,VEN,2015
461,IDN,"Growing spices, aromatic, drug and pharmaceutical crops industry",BWA,8.502809645625957e-06,VEN,2015
462,IDN,Seeds and plant propagation industry,BWA,0.0,VEN,2015
463,IDN,Raising of cattle industry,BWA,5.260018915868916e-07,VEN,2015
464,IDN,Growing wheat industry,CAF,0.0,VEN,2015
465,IDN,Growing maize industry,CAF,1.453658341030266e-06,VEN,2015
466,IDN,Growing cereals n.e.c industry,CAF,0.0,VEN,2015
467,IDN,Growing leguminous crops and oil seeds industry,CAF,2.6321679495819155e-06,VEN,2015
468,IDN,Growing rice industry,CAF,0.0,VEN,2015
469,IDN,"Growing vegetables, roots, tubers industry",CAF,0.0,VEN,2015
470,IDN,Growing sugar beet and cane industry,CAF,5.63988163870035e-10,VEN,2015
471,IDN,Growing tobacco industry,CAF,0.0,VEN,2015
472,IDN,Growing fibre crops industry,CAF,9.043946191971035e-09,VEN,2015
473,IDN,Growing crops n.e.c. industry,CAF,1.2084009233169885e-07,VEN,2015
474,IDN,Growing grapes industry,CAF,0.0,VEN,2015
475,IDN,Growing fruits and nuts industry,CAF,5.1105074932815386e-09,VEN,2015
476,IDN,"Growing beverage crops (coffee, tea etc) industry",CAF,3.114888578782692e-09,VEN,2015
477,IDN,"Growing spices, aromatic, drug and pharmaceutical crops industry",CAF,7.681893333423436e-07,VEN,2015
478,IDN,Seeds and plant propagation industry,CAF,0.0,VEN,2015
479,IDN,Raising of cattle industry,CAF,7.169102600383869e-08,VEN,2015
480,IDN,Growing wheat industry,CAN,0.0,VEN,2015
481,IDN,Growing maize industry,CAN,0.004394018085981029,VEN,2015
482,IDN,Growing cereals n.e.c industry,CAN,0.0,VEN,2015
483,IDN,Growing leguminous crops and oil seeds industry,CAN,0.007071540704253746,VEN,2015
484,IDN,Growing rice industry,CAN,0.0,VEN,2015
485,IDN,"Growing vegetables, roots, tubers industry",CAN,0.0,VEN,2015
486,IDN,Growing sugar beet and cane industry,CAN,2.0707809573487213e-06,VEN,2015
487,IDN,Growing tobacco industry,CAN,0.0,VEN,2015
488,IDN,Growing fibre crops industry,CAN,3.900548914115351e-05,VEN,2015
489,IDN,Growing crops n.e.c. industry,CAN,0.0006063573024309512,VEN,2015
490,IDN,Growing grapes industry,CAN,0.0,VEN,2015
491,IDN,Growing fruits and nuts industry,CAN,1.7899653122137447e-05,VEN,2015
492,IDN,"Growing beverage crops (coffee, tea etc) industry",CAN,1.0261900538605194e-05,VEN,2015
493,IDN,"Growing spices, aromatic, drug and pharmaceutical crops industry",CAN,0.0023704606778338923,VEN,2015
494,IDN,Seeds and plant propagation industry,CAN,0.0,VEN,2015
495,IDN,Raising of cattle industry,CAN,0.00019801435103901753,VEN,2015
496,IDN,Growing wheat industry,CHE,0.0,VEN,2015
497,IDN,Growing maize industry,CHE,0.0008390831199711179,VEN,2015
498,IDN,Growing cereals n.e.c industry,CHE,0.0,VEN,2015
499,IDN,Growing leguminous crops and oil seeds industry,CHE,0.001630259760621817,VEN,2015
500,IDN,Growing rice industry,CHE,0.0,VEN,2015
501,IDN,"Growing vegetables, roots, tubers industry",CHE,0.0,VEN,2015
502,IDN,Growing sugar beet and cane industry,CHE,4.107917793497022e-07,VEN,2015
503,IDN,Growing tobacco industry,CHE,0.0,VEN,2015
504,IDN,Growing fibre crops industry,CHE,6.498488516238336e-06,VEN,2015
505,IDN,Growing crops n.e.c. industry,CHE,0.0001257848858432936,VEN,2015
506,IDN,Growing grapes industry,CHE,0.0,VEN,2015
507,IDN,Growing fruits and nuts industry,CHE,3.0877775610972484e-06,VEN,2015
508,IDN,"Growing beverage crops (coffee, tea etc) industry",CHE,1.912244687349965e-06,VEN,2015
509,IDN,"Growing spices, aromatic, drug and pharmaceutical crops industry",CHE,0.0005672650085758898,VEN,2015
510,IDN,Seeds and plant propagation industry,CHE,0.0,VEN,2015
511,IDN,Raising of cattle industry,CHE,4.23981978938695e-05,VEN,2015
512,IDN,Growing wheat industry,CHL,0.0,VEN,2015
513,IDN,Growing maize industry,CHL,0.002068939596300348,VEN,2015
514,IDN,Growing cereals n.e.c industry,CHL,0.0,VEN,2015
515,IDN,Growing leguminous crops and oil seeds industry,CHL,0.003898119261945924,VEN,2015
516,IDN,Growing rice industry,CHL,0.0,VEN,2015
517,IDN,"Growing vegetables, roots, tubers industry",CHL,0.0,VEN,2015
518,IDN,Growing sugar beet and cane industry,CHL,1.2224389237470155e-06,VEN,2015
519,IDN,Growing tobacco industry,CHL,0.0,VEN,2015
520,IDN,Growing fibre crops industry,CHL,1.2677961334615702e-05,VEN,2015
521,IDN,Growing crops n.e.c. industry,CHL,0.00016698080935213555,VEN,2015
522,IDN,Growing grapes industry,CHL,0.0,VEN,2015
523,IDN,Growing fruits and nuts industry,CHL,7.620940608398268e-06,VEN,2015
524,IDN,"Growing beverage crops (coffee, tea etc) industry",CHL,3.6113168257108457e-06,VEN,2015
525,IDN,"Growing spices, aromatic, drug and pharmaceutical crops industry",CHL,0.0011915320137140242,VEN,2015
526,IDN,Seeds and plant propagation industry,CHL,0.0,VEN,2015
527,IDN,Raising of cattle industry,CHL,8.149646851550666e-05,VEN,2015
528,IDN,Growing wheat industry,CHN,0.0,VEN,2015
529,IDN,Growing maize industry,CHN,0.00837747075792701,VEN,2015
530,IDN,Growing cereals n.e.c industry,CHN,0.0,VEN,2015
531,IDN,Growing leguminous crops and oil seeds industry,CHN,0.01613172118722452,VEN,2015
532,IDN,Growing rice industry,CHN,0.0,VEN,2015
533,IDN,"Growing vegetables, roots, tubers industry",CHN,0.0,VEN,2015
534,IDN,Growing sugar beet and cane industry,CHN,4.305587209598292e-06,VEN,2015
535,IDN,Growing tobacco industry,CHN,0.0,VEN,2015
536,IDN,Growing fibre crops industry,CHN,6.783810573072302e-05,VEN,2015
537,IDN,Growing crops n.e.c. industry,CHN,0.001459887051639414,VEN,2015
538,IDN,Growing grapes industry,CHN,0.0,VEN,2015
539,IDN,Growing fruits and nuts industry,CHN,3.174938136020395e-05,VEN,2015
540,IDN,"Growing beverage crops (coffee, tea etc) industry",CHN,1.5979615048456647e-05,VEN,2015
541,IDN,"Growing spices, aromatic, drug and pharmaceutical crops industry",CHN,0.00735367034248105,VEN,2015
542,IDN,Seeds and plant propagation industry,CHN,0.0,VEN,2015
543,IDN,Raising of cattle industry,CHN,0.0004161953527200772,VEN,2015
544,IDN,Growing wheat industry,CIV,0.0,VEN,2015
545,IDN,Growing maize industry,CIV,0.0002445942960253616,VEN,2015
546,IDN,Growing cereals n.e.c industry,CIV,0.0,VEN,2015
547,IDN,Growing leguminous crops and oil seeds industry,CIV,0.0005787870709844336,VEN,2015
548,IDN,Growing rice industry,CIV,0.0,VEN,2015
549,IDN,"Growing vegetables, roots, tubers industry",CIV,0.0,VEN,2015
550,IDN,Growing sugar beet and cane industry,CIV,8.98599473586491e-08,VEN,2015
551,IDN,Growing tobacco industry,CIV,0.0,VEN,2015
552,IDN,Growing fibre crops industry,CIV,1.6565450958903641e-06,VEN,2015
553,IDN,Growing crops n.e.c. industry,CIV,1.959906356681848e-05,VEN,2015
554,IDN,Growing grapes industry,CIV,0.0,VEN,2015
555,IDN,Growing fruits and nuts industry,CIV,9.70777686332866e-07,VEN,2015
556,IDN,"Growing beverage crops (coffee, tea etc) industry",CIV,4.785915139636569e-07,VEN,2015
557,IDN,"Growing spices, aromatic, drug and pharmaceutical crops industry",CIV,0.00022018535159633326,VEN,2015
558,IDN,Seeds and plant propagation industry,CIV,0.0,VEN,2015
559,IDN,Raising of cattle industry,CIV,1.0753853703423942e-05,VEN,2015
560,IDN,Growing wheat industry,CMR,0.0,VEN,2015
561,IDN,Growing maize industry,CMR,5.489073129167219e-05,VEN,2015
562,IDN,Growing cereals n.e.c industry,CMR,0.0,VEN,2015
563,IDN,Growing leguminous crops and oil seeds industry,CMR,0.00013486233309650545,VEN,2015
564,IDN,Growing rice industry,CMR,0.0,VEN,2015
565,IDN,"Growing vegetables, roots, tubers industry",CMR,0.0,VEN,2015
566,IDN,Growing sugar beet and cane industry,CMR,2.2868077900832494e-08,VEN,2015
567,IDN,Growing tobacco industry,CMR,0.0,VEN,2015
568,IDN,Growing fibre crops industry,CMR,3.812441422166154e-07,VEN,2015
569,IDN,Growing crops n.e.c. industry,CMR,4.662407434338058e-06,VEN,2015
570,IDN,Growing grapes industry,CMR,0.0,VEN,2015
571,IDN,Growing fruits and nuts industry,CMR,2.4518081061109145e-07,VEN,2015
572,IDN,"Growing beverage crops (coffee, tea etc) industry",CMR,1.1012601544641097e-07,VEN,2015
573,IDN,"Growing spices, aromatic, drug and pharmaceutical crops industry",CMR,7.259647051857311e-05,VEN,2015
574,IDN,Seeds and plant propagation industry,CMR,0.0,VEN,2015
575,IDN,Raising of cattle industry,CMR,2.984280369277687e-06,VEN,2015
576,IDN,Growing wheat industry,COD,0.0,VEN,2015
577,IDN,Growing maize industry,COD,1.454480575344483e-05,VEN,2015
578,IDN,Growing cereals n.e.c industry,COD,0.0,VEN,2015
579,IDN,Growing leguminous crops and oil seeds industry,COD,3.133887253168103e-05,VEN,2015
580,IDN,Growing rice industry,COD,0.0,VEN,2015
581,IDN,"Growing vegetables, roots, tubers industry",COD,0.0,VEN,2015
582,IDN,Growing sugar beet and cane industry,COD,6.609518360382877e-09,VEN,2015
583,IDN,Growing tobacco industry,COD,0.0,VEN,2015
584,IDN,Growing fibre crops industry,COD,1.0790537060663672e-07,VEN,2015
585,IDN,Growing crops n.e.c. industry,COD,1.7726638121195729e-06,VEN,2015
586,IDN,Growing grapes industry,COD,0.0,VEN,2015
587,IDN,Growing fruits and nuts industry,COD,5.9092440470212724e-08,VEN,2015
588,IDN,"Growing beverage crops (coffee, tea etc) industry",COD,2.985576590209899e-08,VEN,2015
589,IDN,"Growing spices, aromatic, drug and pharmaceutical crops industry",COD,1.0669305696980324e-05,VEN,2015
590,IDN,Seeds and plant propagation industry,COD,0.0,VEN,2015
591,IDN,Raising of cattle industry,COD,6.989154358986119e-07,VEN,2015
592,IDN,Growing wheat industry,COG,0.0,VEN,2015
593,IDN,Growing maize industry,COG,1.2697493014357663e-05,VEN,2015
594,IDN,Growing cereals n.e.c industry,COG,0.0,VEN,2015
595,IDN,Growing leguminous crops and oil seeds industry,COG,2.480875643525644e-05,VEN,2015
596,IDN,Growing rice industry,COG,0.0,VEN,2015
597,IDN,"Growing vegetables, roots, tubers industry",COG,0.0,VEN,2015
598,IDN,Growing sugar beet and cane industry,COG,5.411559621504881e-09,VEN,2015
599,IDN,Growing tobacco industry,COG,0.0,VEN,2015
600,IDN,Growing fibre crops industry,COG,8.745726365285115e-08,VEN,2015
601,IDN,Growing crops n.e.c. industry,COG,1.4955176486476422e-06,VEN,2015
602,IDN,Growing grapes industry,COG,0.0,VEN,2015
603,IDN,Growing fruits and nuts industry,COG,5.058636082737915e-08,VEN,2015
604,IDN,"Growing beverage crops (coffee, tea etc) industry",COG,2.537421319925088e-08,VEN,2015
605,IDN,"Growing spices, aromatic, drug and pharmaceutical crops industry",COG,8.277150043926293e-06,VEN,2015
606,IDN,Seeds and plant propagation industry,COG,0.0,VEN,2015
607,IDN,Raising of cattle industry,COG,5.854668602150551e-07,VEN,2015
608,IDN,Growing wheat industry,COL,0.0,VEN,2015
609,IDN,Growing maize industry,COL,0.00403488275594348,VEN,2015
610,IDN,Growing cereals n.e.c industry,COL,0.0,VEN,2015
611,IDN,Growing leguminous crops and oil seeds industry,COL,0.008153282828523178,VEN,2015
612,IDN,Growing rice industry,COL,0.0,VEN,2015
613,IDN,"Growing vegetables, roots, tubers industry",COL,0.0,VEN,2015
614,IDN,Growing sugar beet and cane industry,COL,2.297639823807848e-06,VEN,2015
615,IDN,Growing tobacco industry,COL,0.0,VEN,2015
616,IDN,Growing fibre crops industry,COL,3.2110028008892205e-05,VEN,2015
617,IDN,Growing crops n.e.c. industry,COL,0.0004286742128575298,VEN,2015
618,IDN,Growing grapes industry,COL,0.0,VEN,2015
619,IDN,Growing fruits and nuts industry,COL,1.751387588074759e-05,VEN,2015
620,IDN,"Growing beverage crops (coffee, tea etc) industry",COL,5.72708820768894e-06,VEN,2015
621,IDN,"Growing spices, aromatic, drug and pharmaceutical crops industry",COL,0.004348225544093046,VEN,2015
622,IDN,Seeds and plant propagation industry,COL,0.0,VEN,2015
623,IDN,Raising of cattle industry,COL,0.00016703313750539975,VEN,2015
624,IDN,Growing wheat industry,CRI,0.0,VEN,2015
625,IDN,Growing maize industry,CRI,0.0003934430916408922,VEN,2015
626,IDN,Growing cereals n.e.c industry,CRI,0.0,VEN,2015
627,IDN,Growing leguminous crops and oil seeds industry,CRI,0.0008177466633268912,VEN,2015
628,IDN,Growing rice industry,CRI,0.0,VEN,2015
629,IDN,"Growing vegetables, roots, tubers industry",CRI,0.0,VEN,2015
630,IDN,Growing sugar beet and cane industry,CRI,2.412314938965935e-07,VEN,2015
631,IDN,Growing tobacco industry,CRI,0.0,VEN,2015
632,IDN,Growing fibre crops industry,CRI,3.3850219481121287e-06,VEN,2015
633,IDN,Growing crops n.e.c. industry,CRI,4.459886908497958e-05,VEN,2015
634,IDN,Growing grapes industry,CRI,0.0,VEN,2015
635,IDN,Growing fruits and nuts industry,CRI,1.6386961550791497e-06,VEN,2015
636,IDN,"Growing beverage crops (coffee, tea etc) industry",CRI,6.450408398219104e-07,VEN,2015
637,IDN,"Growing spices, aromatic, drug and pharmaceutical crops industry",CRI,0.0004323097661877936,VEN,2015
638,IDN,Seeds and plant propagation industry,CRI,0.0,VEN,2015
639,IDN,Raising of cattle industry,CRI,1.8744218917053368e-05,VEN,2015
640,IDN,Growing wheat industry,CUB,0.0,VEN,2015
641,IDN,Growing maize industry,CUB,0.001676805423610167,VEN,2015
642,IDN,Growing cereals n.e.c industry,CUB,0.0,VEN,2015
643,IDN,Growing leguminous crops and oil seeds industry,CUB,0.0031542616386855465,VEN,2015
644,IDN,Growing rice industry,CUB,0.0,VEN,2015
645,IDN,"Growing vegetables, roots, tubers industry",CUB,0.0,VEN,2015
646,IDN,Growing sugar beet and cane industry,CUB,1.3149443753622909e-06,VEN,2015
647,IDN,Growing tobacco industry,CUB,0.0,VEN,2015
648,IDN,Growing fibre crops industry,CUB,1.7094481591109242e-05,VEN,2015
649,IDN,Growing crops n.e.c. industry,CUB,0.0001728741927789368,VEN,2015
650,IDN,Growing grapes industry,CUB,0.0,VEN,2015
651,IDN,Growing fruits and nuts industry,CUB,5.728593852687479e-06,VEN,2015
652,IDN,"Growing beverage crops (coffee, tea etc) industry",CUB,2.5792341148239904e-06,VEN,2015
653,IDN,"Growing spices, aromatic, drug and pharmaceutical crops industry",CUB,0.0015731067466166293,VEN,2015
654,IDN,Seeds and plant propagation industry,CUB,0.0,VEN,2015
655,IDN,Raising of cattle industry,CUB,8.095670605578362e-05,VEN,2015
656,IDN,Growing wheat industry,CYP,0.0,VEN,2015
657,IDN,Growing maize industry,CYP,2.9318809405229448e-05,VEN,2015
658,IDN,Growing cereals n.e.c industry,CYP,0.0,VEN,2015
659,IDN,Growing leguminous crops and oil seeds industry,CYP,5.031461402466701e-05,VEN,2015
660,IDN,Growing rice industry,CYP,0.0,VEN,2015
661,IDN,"Growing vegetables, roots, tubers industry",CYP,0.0,VEN,2015
662,IDN,Growing sugar beet and cane industry,CYP,1.451963959940771e-08,VEN,2015
663,IDN,Growing tobacco industry,CYP,0.0,VEN,2015
664,IDN,Growing fibre crops industry,CYP,2.5180385313822494e-07,VEN,2015
665,IDN,Growing crops n.e.c. industry,CYP,4.011296407759409e-06,VEN,2015
666,IDN,Growing grapes industry,CYP,0.0,VEN,2015
667,IDN,Growing fruits and nuts industry,CYP,9.73107620683486e-08,VEN,2015
668,IDN,"Growing beverage crops (coffee, tea etc) industry",CYP,5.967198333079864e-08,VEN,2015
669,IDN,"Growing spices, aromatic, drug and pharmaceutical crops industry",CYP,1.597303918110974e-05,VEN,2015
670,IDN,Seeds and plant propagation industry,CYP,0.0,VEN,2015
671,IDN,Raising of cattle industry,CYP,1.59403784528336e-06,VEN,2015
672,IDN,Growing wheat industry,CZE,0.0,VEN,2015
673,IDN,Growing maize industry,CZE,0.00021488709063107679,VEN,2015
674,IDN,Growing cereals n.e.c industry,CZE,0.0,VEN,2015
675,IDN,Growing leguminous crops and oil seeds industry,CZE,0.0004492333425274643,VEN,2015
676,IDN,Growing rice industry,CZE,0.0,VEN,2015
677,IDN,"Growing vegetables, roots, tubers industry",CZE,0.0,VEN,2015
678,IDN,Growing sugar beet and cane industry,CZE,1.0152399633601183e-07,VEN,2015
679,IDN,Growing tobacco industry,CZE,0.0,VEN,2015
680,IDN,Growing fibre crops industry,CZE,1.7112169992614276e-06,VEN,2015
681,IDN,Growing crops n.e.c. industry,CZE,2.9506361895932504e-05,VEN,2015
682,IDN,Growing grapes industry,CZE,0.0,VEN,2015
683,IDN,Growing fruits and nuts industry,CZE,8.356912980562512e-07,VEN,2015
684,IDN,"Growing beverage crops (coffee, tea etc) industry",CZE,5.191118193250374e-07,VEN,2015
685,IDN,"Growing spices, aromatic, drug and pharmaceutical crops industry",CZE,0.00015556629934325428,VEN,2015
686,IDN,Seeds and plant propagation industry,CZE,0.0,VEN,2015
687,IDN,Raising of cattle industry,CZE,1.1277364762189961e-05,VEN,2015
688,IDN,Growing wheat industry,DEU,0.0,VEN,2015
689,IDN,Growing maize industry,DEU,0.00875596354912417,VEN,2015
690,IDN,Growing cereals n.e.c industry,DEU,0.0,VEN,2015
691,IDN,Growing leguminous crops and oil seeds industry,DEU,0.014695640655306296,VEN,2015
692,IDN,Growing rice industry,DEU,0.0,VEN,2015
693,IDN,"Growing vegetables, roots, tubers industry",DEU,0.0,VEN,2015
694,IDN,Growing sugar beet and cane industry,DEU,4.165980117263959e-06,VEN,2015
695,IDN,Growing tobacco industry,DEU,0.0,VEN,2015
696,IDN,Growing fibre crops industry,DEU,6.5907219731581e-05,VEN,2015
697,IDN,Growing crops n.e.c. industry,DEU,0.0009857780682226236,VEN,2015
698,IDN,Growing grapes industry,DEU,0.0,VEN,2015
699,IDN,Growing fruits and nuts industry,DEU,2.929154898517107e-05,VEN,2015
700,IDN,"Growing beverage crops (coffee, tea etc) industry",DEU,3.665289214121467e-05,VEN,2015
701,IDN,"Growing spices, aromatic, drug and pharmaceutical crops industry",DEU,0.0032823734437075753,VEN,2015
702,IDN,Seeds and plant propagation industry,DEU,0.0,VEN,2015
703,IDN,Raising of cattle industry,DEU,0.0004728167141722382,VEN,2015
704,IDN,Growing wheat industry,DJI,0.0,VEN,2015
705,IDN,Growing maize industry,DJI,2.9334957840668494e-06,VEN,2015
706,IDN,Growing cereals n.e.c industry,DJI,0.0,VEN,2015
707,IDN,Growing leguminous crops and oil seeds industry,DJI,6.479134219328871e-06,VEN,2015
708,IDN,Growing rice industry,DJI,0.0,VEN,2015
709,IDN,"Growing vegetables, roots, tubers industry",DJI,0.0,VEN,2015
710,IDN,Growing sugar beet and cane industry,DJI,1.2560009050376053e-09,VEN,2015
711,IDN,Growing tobacco industry,DJI,0.0,VEN,2015
712,IDN,Growing fibre crops industry,DJI,2.4426598391732567e-08,VEN,2015
713,IDN,Growing crops n.e.c. industry,DJI,3.0532949903299207e-07,VEN,2015
714,IDN,Growing grapes industry,DJI,0.0,VEN,2015
715,IDN,Growing fruits and nuts industry,DJI,1.583742444524422e-08,VEN,2015
716,IDN,"Growing beverage crops (coffee, tea etc) industry",DJI,5.142172663312157e-09,VEN,2015
717,IDN,"Growing spices, aromatic, drug and pharmaceutical crops industry",DJI,2.497516423108825e-06,VEN,2015
718,IDN,Seeds and plant propagation industry,DJI,0.0,VEN,2015
719,IDN,Raising of cattle industry,DJI,1.2598786984626673e-07,VEN,2015
720,IDN,Growing wheat industry,DYE,0.0,VEN,2015
721,IDN,Growing maize industry,DYE,0.0,VEN,2015
722,IDN,Growing cereals n.e.c industry,DYE,0.0,VEN,2015
723,IDN,Growing leguminous crops and oil seeds industry,DYE,0.0,VEN,2015
724,IDN,Growing rice industry,DYE,0.0,VEN,2015
725,IDN,"Growing vegetables, roots, tubers industry",DYE,0.0,VEN,2015
726,IDN,Growing sugar beet and cane industry,DYE,0.0,VEN,2015
727,IDN,Growing tobacco industry,DYE,0.0,VEN,2015
728,IDN,Growing fibre crops industry,DYE,0.0,VEN,2015
729,IDN,Growing crops n.e.c. industry,DYE,0.0,VEN,2015
730,IDN,Growing grapes industry,DYE,0.0,VEN,2015
731,IDN,Growing fruits and nuts industry,DYE,0.0,VEN,2015
732,IDN,"Growing beverage crops (coffee, tea etc) industry",DYE,0.0,VEN,2015
733,IDN,"Growing spices, aromatic, drug and pharmaceutical crops industry",DYE,0.0,VEN,2015
734,IDN,Seeds and plant propagation industry,DYE,0.0,VEN,2015
735,IDN,Raising of cattle industry,DYE,0.0,VEN,2015
736,IDN,Growing wheat industry,DNK,0.0,VEN,2015
737,IDN,Growing maize industry,DNK,0.0009357190266274847,VEN,2015
738,IDN,Growing cereals n.e.c industry,DNK,0.0,VEN,2015
739,IDN,Growing leguminous crops and oil seeds industry,DNK,0.0015465016849019657,VEN,2015
740,IDN,Growing rice industry,DNK,0.0,VEN,2015
741,IDN,"Growing vegetables, roots, tubers industry",DNK,0.0,VEN,2015
742,IDN,Growing sugar beet and cane industry,DNK,4.319859875785375e-07,VEN,2015
743,IDN,Growing tobacco industry,DNK,0.0,VEN,2015
744,IDN,Growing fibre crops industry,DNK,9.698480979717774e-06,VEN,2015
745,IDN,Growing crops n.e.c. industry,DNK,0.00013615388002248728,VEN,2015
746,IDN,Growing grapes industry,DNK,0.0,VEN,2015
747,IDN,Growing fruits and nuts industry,DNK,3.6928147718931195e-06,VEN,2015
748,IDN,"Growing beverage crops (coffee, tea etc) industry",DNK,2.5732485143857403e-06,VEN,2015
749,IDN,"Growing spices, aromatic, drug and pharmaceutical crops industry",DNK,0.0005184082169572774,VEN,2015
750,IDN,Seeds and plant propagation industry,DNK,0.0,VEN,2015
751,IDN,Raising of cattle industry,DNK,4.8462205306317185e-05,VEN,2015
752,IDN,Growing wheat industry,DOM,0.0,VEN,2015
753,IDN,Growing maize industry,DOM,0.001156014294487397,VEN,2015
754,IDN,Growing cereals n.e.c industry,DOM,0.0,VEN,2015
755,IDN,Growing leguminous crops and oil seeds industry,DOM,0.0020115461457026803,VEN,2015
756,IDN,Growing rice industry,DOM,0.0,VEN,2015
757,IDN,"Growing vegetables, roots, tubers industry",DOM,0.0,VEN,2015
758,IDN,Growing sugar beet and cane industry,DOM,5.510435781375109e-07,VEN,2015
759,IDN,Growing tobacco industry,DOM,0.0,VEN,2015
760,IDN,Growing fibre crops industry,DOM,7.496649418777196e-06,VEN,2015
761,IDN,Growing crops n.e.c. industry,DOM,0.00010005934481503217,VEN,2015
762,IDN,Growing grapes industry,DOM,0.0,VEN,2015
763,IDN,Growing fruits and nuts industry,DOM,4.196522986046255e-06,VEN,2015
764,IDN,"Growing beverage crops (coffee, tea etc) industry",DOM,2.2067760172661766e-06,VEN,2015
765,IDN,"Growing spices, aromatic, drug and pharmaceutical crops industry",DOM,0.0007509334178280715,VEN,2015
766,IDN,Seeds and plant propagation industry,DOM,0.0,VEN,2015
767,IDN,Raising of cattle industry,DOM,5.257736563601574e-05,VEN,2015
768,IDN,Growing wheat industry,DZA,0.0,VEN,2015
769,IDN,Growing maize industry,DZA,0.0005237986886762871,VEN,2015
770,IDN,Growing cereals n.e.c industry,DZA,0.0,VEN,2015
771,IDN,Growing leguminous crops and oil seeds industry,DZA,0.0008325629873714268,VEN,2015
772,IDN,Growing rice industry,DZA,0.0,VEN,2015
773,IDN,"Growing vegetables, roots, tubers industry",DZA,0.0,VEN,2015
774,IDN,Growing sugar beet and cane industry,DZA,2.02440255086107e-07,VEN,2015
775,IDN,Growing tobacco industry,DZA,0.0,VEN,2015
776,IDN,Growing fibre crops industry,DZA,3.339191740430125e-06,VEN,2015
777,IDN,Growing crops n.e.c. industry,DZA,5.3814337652074774e-05,VEN,2015
778,IDN,Growing grapes industry,DZA,0.0,VEN,2015
779,IDN,Growing fruits and nuts industry,DZA,2.0652183781071866e-06,VEN,2015
780,IDN,"Growing beverage crops (coffee, tea etc) industry",DZA,9.557654254100504e-07,VEN,2015
781,IDN,"Growing spices, aromatic, drug and pharmaceutical crops industry",DZA,0.00021375552144926687,VEN,2015
782,IDN,Seeds and plant propagation industry,DZA,0.0,VEN,2015
783,IDN,Raising of cattle industry,DZA,2.1534108409630364e-05,VEN,2015
784,IDN,Growing wheat industry,ECU,0.0,VEN,2015
785,IDN,Growing maize industry,ECU,0.0021733869279734045,VEN,2015
786,IDN,Growing cereals n.e.c industry,ECU,0.0,VEN,2015
787,IDN,Growing leguminous crops and oil seeds industry,ECU,0.004248702575429699,VEN,2015
788,IDN,Growing rice industry,ECU,0.0,VEN,2015
789,IDN,"Growing vegetables, roots, tubers industry",ECU,0.0,VEN,2015
790,IDN,Growing sugar beet and cane industry,ECU,1.076619767960642e-06,VEN,2015
791,IDN,Growing tobacco industry,ECU,0.0,VEN,2015
792,IDN,Growing fibre crops industry,ECU,1.3875028896487837e-05,VEN,2015
793,IDN,Growing crops n.e.c. industry,ECU,0.00019168650883291362,VEN,2015
794,IDN,Growing grapes industry,ECU,0.0,VEN,2015
795,IDN,Growing fruits and nuts industry,ECU,8.630129123760226e-06,VEN,2015
796,IDN,"Growing beverage crops (coffee, tea etc) industry",ECU,3.470246429983626e-06,VEN,2015
797,IDN,"Growing spices, aromatic, drug and pharmaceutical crops industry",ECU,0.0014502936704595642,VEN,2015
798,IDN,Seeds and plant propagation industry,ECU,0.0,VEN,2015
799,IDN,Raising of cattle industry,ECU,8.80237616450332e-05,VEN,2015
800,IDN,Growing wheat industry,EGY,0.0,VEN,2015
801,IDN,Growing maize industry,EGY,0.0007004703456643202,VEN,2015
802,IDN,Growing cereals n.e.c industry,EGY,0.0,VEN,2015
803,IDN,Growing leguminous crops and oil seeds industry,EGY,0.0011007338625397432,VEN,2015
804,IDN,Growing rice industry,EGY,0.0,VEN,2015
805,IDN,"Growing vegetables, roots, tubers industry",EGY,0.0,VEN,2015
806,IDN,Growing sugar beet and cane industry,EGY,2.734394574763574e-07,VEN,2015
807,IDN,Growing tobacco industry,EGY,0.0,VEN,2015
808,IDN,Growing fibre crops industry,EGY,6.356717269927668e-06,VEN,2015
809,IDN,Growing crops n.e.c. industry,EGY,7.49076790860444e-05,VEN,2015
810,IDN,Growing grapes industry,EGY,0.0,VEN,2015
811,IDN,Growing fruits and nuts industry,EGY,2.713768582214546e-06,VEN,2015
812,IDN,"Growing beverage crops (coffee, tea etc) industry",EGY,1.3030443464785319e-06,VEN,2015
813,IDN,"Growing spices, aromatic, drug and pharmaceutical crops industry",EGY,0.0002379914925025591,VEN,2015
814,IDN,Seeds and plant propagation industry,EGY,0.0,VEN,2015
815,IDN,Raising of cattle industry,EGY,3.005430663823652e-05,VEN,2015
816,IDN,Growing wheat industry,ERI,0.0,VEN,2015
817,IDN,Growing maize industry,ERI,1.5459157543549717e-06,VEN,2015
818,IDN,Growing cereals n.e.c industry,ERI,0.0,VEN,2015
819,IDN,Growing leguminous crops and oil seeds industry,ERI,2.855507088915214e-06,VEN,2015
820,IDN,Growing rice industry,ERI,0.0,VEN,2015
821,IDN,"Growing vegetables, roots, tubers industry",ERI,0.0,VEN,2015
822,IDN,Growing sugar beet and cane industry,ERI,6.026894127470577e-10,VEN,2015
823,IDN,Growing tobacco industry,ERI,0.0,VEN,2015
824,IDN,Growing fibre crops industry,ERI,1.0077603631651542e-08,VEN,2015
825,IDN,Growing crops n.e.c. industry,ERI,1.5286005894564125e-07,VEN,2015
826,IDN,Growing grapes industry,ERI,0.0,VEN,2015
827,IDN,Growing fruits and nuts industry,ERI,6.03290915492189e-09,VEN,2015
828,IDN,"Growing beverage crops (coffee, tea etc) industry",ERI,3.472599307513801e-09,VEN,2015
829,IDN,"Growing spices, aromatic, drug and pharmaceutical crops industry",ERI,7.704384454019929e-07,VEN,2015
830,IDN,Seeds and plant propagation industry,ERI,0.0,VEN,2015
831,IDN,Raising of cattle industry,ERI,6.45135963844706e-08,VEN,2015
832,IDN,Growing wheat industry,ESP,0.0,VEN,2015
833,IDN,Growing maize industry,ESP,0.0034035596031800333,VEN,2015
834,IDN,Growing cereals n.e.c industry,ESP,0.0,VEN,2015
835,IDN,Growing leguminous crops and oil seeds industry,ESP,0.0052681532386950995,VEN,2015
836,IDN,Growing rice industry,ESP,0.0,VEN,2015
837,IDN,"Growing vegetables, roots, tubers industry",ESP,0.0,VEN,2015
838,IDN,Growing sugar beet and cane industry,ESP,1.723250031725692e-06,VEN,2015
839,IDN,Growing tobacco industry,ESP,0.0,VEN,2015
840,IDN,Growing fibre crops industry,ESP,3.953082844005681e-05,VEN,2015
841,IDN,Growing crops n.e.c. industry,ESP,0.00047906396963503535,VEN,2015
842,IDN,Growing grapes industry,ESP,0.0,VEN,2015
843,IDN,Growing fruits and nuts industry,ESP,1.45773175905675e-05,VEN,2015
844,IDN,"Growing beverage crops (coffee, tea etc) industry",ESP,9.681634933855381e-06,VEN,2015
845,IDN,"Growing spices, aromatic, drug and pharmaceutical crops industry",ESP,0.0018486300244263557,VEN,2015
846,IDN,Seeds and plant propagation industry,ESP,0.0,VEN,2015
847,IDN,Raising of cattle industry,ESP,0.00017736880948016344,VEN,2015
848,IDN,Growing wheat industry,EST,0.0,VEN,2015
849,IDN,Growing maize industry,EST,3.920306987622255e-05,VEN,2015
850,IDN,Growing cereals n.e.c industry,EST,0.0,VEN,2015
851,IDN,Growing leguminous crops and oil seeds industry,EST,7.047162708121631e-05,VEN,2015
852,IDN,Growing rice industry,EST,0.0,VEN,2015
853,IDN,"Growing vegetables, roots, tubers industry",EST,0.0,VEN,2015
854,IDN,Growing sugar beet and cane industry,EST,1.721115057814614e-08,VEN,2015
855,IDN,Growing tobacco industry,EST,0.0,VEN,2015
856,IDN,Growing fibre crops industry,EST,2.784978899603621e-07,VEN,2015
857,IDN,Growing crops n.e.c. industry,EST,6.412866209401832e-06,VEN,2015
858,IDN,Growing grapes industry,EST,0.0,VEN,2015
859,IDN,Growing fruits and nuts industry,EST,1.5993161531247663e-07,VEN,2015
860,IDN,"Growing beverage crops (coffee, tea etc) industry",EST,9.929786419717986e-08,VEN,2015
861,IDN,"Growing spices, aromatic, drug and pharmaceutical crops industry",EST,0.00011636371536611622,VEN,2015
862,IDN,Seeds and plant propagation industry,EST,0.0,VEN,2015
863,IDN,Raising of cattle industry,EST,2.0457216206002535e-06,VEN,2015
864,IDN,Growing wheat industry,ETH,0.0,VEN,2015
865,IDN,Growing maize industry,ETH,7.024776607496531e-05,VEN,2015
866,IDN,Growing cereals n.e.c industry,ETH,0.0,VEN,2015
867,IDN,Growing leguminous crops and oil seeds industry,ETH,0.00016126271108703657,VEN,2015
868,IDN,Growing rice industry,ETH,0.0,VEN,2015
869,IDN,"Growing vegetables, roots, tubers industry",ETH,0.0,VEN,2015
870,IDN,Growing sugar beet and cane industry,ETH,2.923613620905438e-08,VEN,2015
871,IDN,Growing tobacco industry,ETH,0.0,VEN,2015
872,IDN,Growing fibre crops industry,ETH,4.7591515486828404e-07,VEN,2015
873,IDN,Growing crops n.e.c. industry,ETH,6.230090234391352e-06,VEN,2015
874,IDN,Growing grapes industry,ETH,0.0,VEN,2015
875,IDN,Growing fruits and nuts industry,ETH,2.8510373005777644e-07,VEN,2015
876,IDN,"Growing beverage crops (coffee, tea etc) industry",ETH,1.4039018291358538e-07,VEN,2015
877,IDN,"Growing spices, aromatic, drug and pharmaceutical crops industry",ETH,6.134117890008922e-05,VEN,2015
878,IDN,Seeds and plant propagation industry,ETH,0.0,VEN,2015
879,IDN,Raising of cattle industry,ETH,3.1971594077723703e-06,VEN,2015
880,IDN,Growing wheat industry,FIN,0.0,VEN,2015
881,IDN,Growing maize industry,FIN,0.00020046215523148413,VEN,2015
882,IDN,Growing cereals n.e.c industry,FIN,0.0,VEN,2015
883,IDN,Growing leguminous crops and oil seeds industry,FIN,0.0004047312454537782,VEN,2015
884,IDN,Growing rice industry,FIN,0.0,VEN,2015
885,IDN,"Growing vegetables, roots, tubers industry",FIN,0.0,VEN,2015
886,IDN,Growing sugar beet and cane industry,FIN,9.426454686679205e-08,VEN,2015
887,IDN,Growing tobacco industry,FIN,0.0,VEN,2015
888,IDN,Growing fibre crops industry,FIN,1.5820580523242622e-06,VEN,2015
889,IDN,Growing crops n.e.c. industry,FIN,2.857332491999442e-05,VEN,2015
890,IDN,Growing grapes industry,FIN,0.0,VEN,2015
891,IDN,Growing fruits and nuts industry,FIN,7.772122419848745e-07,VEN,2015
892,IDN,"Growing beverage crops (coffee, tea etc) industry",FIN,4.3935010696268184e-07,VEN,2015
893,IDN,"Growing spices, aromatic, drug and pharmaceutical crops industry",FIN,0.00014134467538036723,VEN,2015
894,IDN,Seeds and plant propagation industry,FIN,0.0,VEN,2015
895,IDN,Raising of cattle industry,FIN,1.061706277751866e-05,VEN,2015
896,IDN,Growing wheat industry,FRA,0.0,VEN,2015
897,IDN,Growing maize industry,FRA,0.003063211391654211,VEN,2015
898,IDN,Growing cereals n.e.c industry,FRA,0.0,VEN,2015
899,IDN,Growing leguminous crops and oil seeds industry,FRA,0.005523717890613733,VEN,2015
900,IDN,Growing rice industry,FRA,0.0,VEN,2015
901,IDN,"Growing vegetables, roots, tubers industry",FRA,0.0,VEN,2015
902,IDN,Growing sugar beet and cane industry,FRA,1.4483663836289244e-06,VEN,2015
903,IDN,Growing tobacco industry,FRA,0.0,VEN,2015
904,IDN,Growing fibre crops industry,FRA,2.619769643010663e-05,VEN,2015
905,IDN,Growing crops n.e.c. industry,FRA,0.0004752147283524065,VEN,2015
906,IDN,Growing grapes industry,FRA,0.0,VEN,2015
907,IDN,Growing fruits and nuts industry,FRA,1.1400369529239738e-05,VEN,2015
908,IDN,"Growing beverage crops (coffee, tea etc) industry",FRA,7.716113186176117e-06,VEN,2015
909,IDN,"Growing spices, aromatic, drug and pharmaceutical crops industry",FRA,0.0017090236051843907,VEN,2015
910,IDN,Seeds and plant propagation industry,FRA,0.0,VEN,2015
911,IDN,Raising of cattle industry,FRA,0.00016960147925471254,VEN,2015
912,IDN,Growing wheat industry,GAB,0.0,VEN,2015
913,IDN,Growing maize industry,GAB,1.4409565790603649e-05,VEN,2015
914,IDN,Growing cereals n.e.c industry,GAB,0.0,VEN,2015
915,IDN,Growing leguminous crops and oil seeds industry,GAB,2.910939225122386e-05,VEN,2015
916,IDN,Growing rice industry,GAB,0.0,VEN,2015
917,IDN,"Growing vegetables, roots, tubers industry",GAB,0.0,VEN,2015
918,IDN,Growing sugar beet and cane industry,GAB,9.058675058315918e-09,VEN,2015
919,IDN,Growing tobacco industry,GAB,0.0,VEN,2015
920,IDN,Growing fibre crops industry,GAB,1.165036430777754e-07,VEN,2015
921,IDN,Growing crops n.e.c. industry,GAB,1.636931703587885e-06,VEN,2015
922,IDN,Growing grapes industry,GAB,0.0,VEN,2015
923,IDN,Growing fruits and nuts industry,GAB,5.560355148192054e-08,VEN,2015
924,IDN,"Growing beverage crops (coffee, tea etc) industry",GAB,2.8915906455985846e-08,VEN,2015
925,IDN,"Growing spices, aromatic, drug and pharmaceutical crops industry",GAB,8.764385452259e-06,VEN,2015
926,IDN,Seeds and plant propagation industry,GAB,0.0,VEN,2015
927,IDN,Raising of cattle industry,GAB,7.060309486158595e-07,VEN,2015
928,IDN,Growing wheat industry,GBR,0.0,VEN,2015
929,IDN,Growing maize industry,GBR,0.003767056516328752,VEN,2015
930,IDN,Growing cereals n.e.c industry,GBR,0.0,VEN,2015
931,IDN,Growing leguminous crops and oil seeds industry,GBR,0.006716685147154631,VEN,2015
932,IDN,Growing rice industry,GBR,0.0,VEN,2015
933,IDN,"Growing vegetables, roots, tubers industry",GBR,0.0,VEN,2015
934,IDN,Growing sugar beet and cane industry,GBR,1.7889482829522748e-06,VEN,2015
935,IDN,Growing tobacco industry,GBR,0.0,VEN,2015
936,IDN,Growing fibre crops industry,GBR,3.139159919206221e-05,VEN,2015
937,IDN,Growing crops n.e.c. industry,GBR,0.0005735595580656181,VEN,2015
938,IDN,Growing grapes industry,GBR,0.0,VEN,2015
939,IDN,Growing fruits and nuts industry,GBR,1.3768646764523922e-05,VEN,2015
940,IDN,"Growing beverage crops (coffee, tea etc) industry",GBR,8.578168067990208e-06,VEN,2015
941,IDN,"Growing spices, aromatic, drug and pharmaceutical crops industry",GBR,0.002178196373806858,VEN,2015
942,IDN,Seeds and plant propagation industry,GBR,0.0,VEN,2015
943,IDN,Raising of cattle industry,GBR,0.00020243131982839246,VEN,2015
944,IDN,Growing wheat industry,GEO,0.0,VEN,2015
945,IDN,Growing maize industry,GEO,1.833881544293232e-05,VEN,2015
946,IDN,Growing cereals n.e.c industry,GEO,0.0,VEN,2015
947,IDN,Growing leguminous crops and oil seeds industry,GEO,3.5986033309943126e-05,VEN,2015
948,IDN,Growing rice industry,GEO,0.0,VEN,2015
949,IDN,"Growing vegetables, roots, tubers industry",GEO,0.0,VEN,2015
950,IDN,Growing sugar beet and cane industry,GEO,7.558116706711656e-09,VEN,2015
951,IDN,Growing tobacco industry,GEO,0.0,VEN,2015
952,IDN,Growing fibre crops industry,GEO,1.2634156057734629e-07,VEN,2015
953,IDN,Growing crops n.e.c. industry,GEO,1.955933008707444e-06,VEN,2015
954,IDN,Growing grapes industry,GEO,0.0,VEN,2015
955,IDN,Growing fruits and nuts industry,GEO,6.824367487725479e-08,VEN,2015
956,IDN,"Growing beverage crops (coffee, tea etc) industry",GEO,3.6243824542324776e-08,VEN,2015
957,IDN,"Growing spices, aromatic, drug and pharmaceutical crops industry",GEO,1.2434470628801423e-05,VEN,2015
958,IDN,Seeds and plant propagation industry,GEO,0.0,VEN,2015
959,IDN,Raising of cattle industry,GEO,8.338262860983117e-07,VEN,2015
960,IDN,Growing wheat industry,GHA,0.0,VEN,2015
961,IDN,Growing maize industry,GHA,0.000179824010926582,VEN,2015
962,IDN,Growing cereals n.e.c industry,GHA,0.0,VEN,2015
963,IDN,Growing leguminous crops and oil seeds industry,GHA,0.00039063081966663203,VEN,2015
964,IDN,Growing rice industry,GHA,0.0,VEN,2015
965,IDN,"Growing vegetables, roots, tubers industry",GHA,0.0,VEN,2015
966,IDN,Growing sugar beet and cane industry,GHA,6.795816934344997e-08,VEN,2015
967,IDN,Growing tobacco industry,GHA,0.0,VEN,2015
968,IDN,Growing fibre crops industry,GHA,1.1725720463369785e-06,VEN,2015
969,IDN,Growing crops n.e.c. industry,GHA,1.5679315280827724e-05,VEN,2015
970,IDN,Growing grapes industry,GHA,0.0,VEN,2015
971,IDN,Growing fruits and nuts industry,GHA,7.340190536024249e-07,VEN,2015
972,IDN,"Growing beverage crops (coffee, tea etc) industry",GHA,3.5892356374974316e-07,VEN,2015
973,IDN,"Growing spices, aromatic, drug and pharmaceutical crops industry",GHA,0.0001718821918536593,VEN,2015
974,IDN,Seeds and plant propagation industry,GHA,0.0,VEN,2015
975,IDN,Raising of cattle industry,GHA,8.875900404322657e-06,VEN,2015
976,IDN,Growing wheat industry,GIN,0.0,VEN,2015
977,IDN,Growing maize industry,GIN,1.3335863731117938e-05,VEN,2015
978,IDN,Growing cereals n.e.c industry,GIN,0.0,VEN,2015
979,IDN,Growing leguminous crops and oil seeds industry,GIN,2.9746249881722267e-05,VEN,2015
980,IDN,Growing rice industry,GIN,0.0,VEN,2015
981,IDN,"Growing vegetables, roots, tubers industry",GIN,0.0,VEN,2015
982,IDN,Growing sugar beet and cane industry,GIN,5.668152233137645e-09,VEN,2015
983,IDN,Growing tobacco industry,GIN,0.0,VEN,2015
984,IDN,Growing fibre crops industry,GIN,9.006973773964558e-08,VEN,2015
985,IDN,Growing crops n.e.c. industry,GIN,1.3130106083581943e-06,VEN,2015
986,IDN,Growing grapes industry,GIN,0.0,VEN,2015
987,IDN,Growing fruits and nuts industry,GIN,5.291799394144807e-08,VEN,2015
988,IDN,"Growing beverage crops (coffee, tea etc) industry",GIN,2.6618578195137465e-08,VEN,2015
989,IDN,"Growing spices, aromatic, drug and pharmaceutical crops industry",GIN,1.0720030207203621e-05,VEN,2015
990,IDN,Seeds and plant propagation industry,GIN,0.0,VEN,2015
991,IDN,Raising of cattle industry,GIN,6.192274309482097e-07,VEN,2015
992,IDN,Growing wheat industry,GMB,0.0,VEN,2015
993,IDN,Growing maize industry,GMB,7.748377442339067e-07,VEN,2015
994,IDN,Growing cereals n.e.c industry,GMB,0.0,VEN,2015
995,IDN,Growing leguminous crops and oil seeds industry,GMB,1.615993915126794e-06,VEN,2015
996,IDN,Growing rice industry,GMB,0.0,VEN,2015
997,IDN,"Growing vegetables, roots, tubers industry",GMB,0.0,VEN,2015
998,IDN,Growing sugar beet and cane industry,GMB,3.369268731724776e-10,VEN,2015
999,IDN,Growing tobacco industry,GMB,0.0,VEN,2015
1000,IDN,Growing fibre crops industry,GMB,6.36120460678147e-09,VEN,2015
1001,IDN,Growing crops n.e.c. industry,GMB,8.516860286607159e-08,VEN,2015
1002,IDN,Growing grapes industry,GMB,0.0,VEN,2015
1003,IDN,Growing fruits and nuts industry,GMB,3.138824685233485e-09,VEN,2015
1004,IDN,"Growing beverage crops (coffee, tea etc) industry",GMB,1.554822746468602e-09,VEN,2015
1005,IDN,"Growing spices, aromatic, drug and pharmaceutical crops industry",GMB,5.531554871590849e-07,VEN,2015
1006,IDN,Seeds and plant propagation industry,GMB,0.0,VEN,2015
1007,IDN,Raising of cattle industry,GMB,3.520208281179438e-08,VEN,2015
1008,IDN,Growing wheat industry,GNQ,0.0,VEN,2015
1009,IDN,Growing maize industry,GNQ,2.7667978581498178e-05,VEN,2015
1010,IDN,Growing cereals n.e.c industry,GNQ,0.0,VEN,2015
1011,IDN,Growing leguminous crops and oil seeds industry,GNQ,5.3773535560259086e-05,VEN,2015
1012,IDN,Growing rice industry,GNQ,0.0,VEN,2015
1013,IDN,"Growing vegetables, roots, tubers industry",GNQ,0.0,VEN,2015
1014,IDN,Growing sugar beet and cane industry,GNQ,1.1287777186853872e-08,VEN,2015
1015,IDN,Growing tobacco industry,GNQ,0.0,VEN,2015
1016,IDN,Growing fibre crops industry,GNQ,1.9055503845571623e-07,VEN,2015
1017,IDN,Growing crops n.e.c. industry,GNQ,3.0365734443764766e-06,VEN,2015
1018,IDN,Growing grapes industry,GNQ,0.0,VEN,2015
1019,IDN,Growing fruits and nuts industry,GNQ,1.0670716897580985e-07,VEN,2015
1020,IDN,"Growing beverage crops (coffee, tea etc) industry",GNQ,5.7356005677604956e-08,VEN,2015
1021,IDN,"Growing spices, aromatic, drug and pharmaceutical crops industry",GNQ,1.5159729008540277e-05,VEN,2015
1022,IDN,Seeds and plant propagation industry,GNQ,0.0,VEN,2015
1023,IDN,Raising of cattle industry,GNQ,1.319325174162117e-06,VEN,2015
1024,IDN,Growing wheat industry,GRC,0.0,VEN,2015
1025,IDN,Growing maize industry,GRC,0.00041555951254465756,VEN,2015
1026,IDN,Growing cereals n.e.c industry,GRC,0.0,VEN,2015
1027,IDN,Growing leguminous crops and oil seeds industry,GRC,0.00073670142896706,VEN,2015
1028,IDN,Growing rice industry,GRC,0.0,VEN,2015
1029,IDN,"Growing vegetables, roots, tubers industry",GRC,0.0,VEN,2015
1030,IDN,Growing sugar beet and cane industry,GRC,1.9509972223942947e-07,VEN,2015
1031,IDN,Growing tobacco industry,GRC,0.0,VEN,2015
1032,IDN,Growing fibre crops industry,GRC,3.721607200089627e-06,VEN,2015
1033,IDN,Growing crops n.e.c. industry,GRC,5.0126475129575706e-05,VEN,2015
1034,IDN,Growing grapes industry,GRC,0.0,VEN,2015
1035,IDN,Growing fruits and nuts industry,GRC,1.4532500865037365e-06,VEN,2015
1036,IDN,"Growing beverage crops (coffee, tea etc) industry",GRC,9.76787097886013e-07,VEN,2015
1037,IDN,"Growing spices, aromatic, drug and pharmaceutical crops industry",GRC,0.00022938539200832527,VEN,2015
1038,IDN,Seeds and plant propagation industry,GRC,0.0,VEN,2015
1039,IDN,Raising of cattle industry,GRC,2.2218962031826604e-05,VEN,2015
1040,IDN,Growing wheat industry,GTM,0.0,VEN,2015
1041,IDN,Growing maize industry,GTM,0.0007904396981530904,VEN,2015
1042,IDN,Growing cereals n.e.c industry,GTM,0.0,VEN,2015
1043,IDN,Growing leguminous crops and oil seeds industry,GTM,0.0012785182290258649,VEN,2015
1044,IDN,Growing rice industry,GTM,0.0,VEN,2015
1045,IDN,"Growing vegetables, roots, tubers industry",GTM,0.0,VEN,2015
1046,IDN,Growing sugar beet and cane industry,GTM,3.337034625362198e-07,VEN,2015
1047,IDN,Growing tobacco industry,GTM,0.0,VEN,2015
1048,IDN,Growing fibre crops industry,GTM,4.968054606565415e-06,VEN,2015
1049,IDN,Growing crops n.e.c. industry,GTM,6.622538158017006e-05,VEN,2015
1050,IDN,Growing grapes industry,GTM,0.0,VEN,2015
1051,IDN,Growing fruits and nuts industry,GTM,2.7692841314220922e-06,VEN,2015
1052,IDN,"Growing beverage crops (coffee, tea etc) industry",GTM,1.3992401174000702e-06,VEN,2015
1053,IDN,"Growing spices, aromatic, drug and pharmaceutical crops industry",GTM,0.0004086754045092343,VEN,2015
1054,IDN,Seeds and plant propagation industry,GTM,0.0,VEN,2015
1055,IDN,Raising of cattle industry,GTM,3.3789506641866445e-05,VEN,2015
1056,IDN,Growing wheat industry,HND,0.0,VEN,2015
1057,IDN,Growing maize industry,HND,0.0004031976468658276,VEN,2015
1058,IDN,Growing cereals n.e.c industry,HND,0.0,VEN,2015
1059,IDN,Growing leguminous crops and oil seeds industry,HND,0.000749607325085923,VEN,2015
1060,IDN,Growing rice industry,HND,0.0,VEN,2015
1061,IDN,"Growing vegetables, roots, tubers industry",HND,0.0,VEN,2015
1062,IDN,Growing sugar beet and cane industry,HND,1.8542431551028995e-07,VEN,2015
1063,IDN,Growing tobacco industry,HND,0.0,VEN,2015
1064,IDN,Growing fibre crops industry,HND,3.400228684930977e-06,VEN,2015
1065,IDN,Growing crops n.e.c. industry,HND,3.640816938350984e-05,VEN,2015
1066,IDN,Growing grapes industry,HND,0.0,VEN,2015
1067,IDN,Growing fruits and nuts industry,HND,1.5770371649590793e-06,VEN,2015
1068,IDN,"Growing beverage crops (coffee, tea etc) industry",HND,7.435242889251831e-07,VEN,2015
1069,IDN,"Growing spices, aromatic, drug and pharmaceutical crops industry",HND,0.0002974107756960334,VEN,2015
1070,IDN,Seeds and plant propagation industry,HND,0.0,VEN,2015
1071,IDN,Raising of cattle industry,HND,1.8527873406190264e-05,VEN,2015
1072,IDN,Growing wheat industry,HKG,0.0,VEN,2015
1073,IDN,Growing maize industry,HKG,0.002503321545204818,VEN,2015
1074,IDN,Growing cereals n.e.c industry,HKG,0.0,VEN,2015
1075,IDN,Growing leguminous crops and oil seeds industry,HKG,0.004259758988716212,VEN,2015
1076,IDN,Growing rice industry,HKG,0.0,VEN,2015
1077,IDN,"Growing vegetables, roots, tubers industry",HKG,0.0,VEN,2015
1078,IDN,Growing sugar beet and cane industry,HKG,1.1983772950342493e-06,VEN,2015
1079,IDN,Growing tobacco industry,HKG,0.0,VEN,2015
1080,IDN,Growing fibre crops industry,HKG,1.630826946590446e-05,VEN,2015
1081,IDN,Growing crops n.e.c. industry,HKG,0.00034718170556016445,VEN,2015
1082,IDN,Growing grapes industry,HKG,0.0,VEN,2015
1083,IDN,Growing fruits and nuts industry,HKG,9.289868154154555e-06,VEN,2015
1084,IDN,"Growing beverage crops (coffee, tea etc) industry",HKG,3.930205694346652e-06,VEN,2015
1085,IDN,"Growing spices, aromatic, drug and pharmaceutical crops industry",HKG,0.001978483992480655,VEN,2015
1086,IDN,Seeds and plant propagation industry,HKG,0.0,VEN,2015
1087,IDN,Raising of cattle industry,HKG,0.00011329810419920319,VEN,2015
1088,IDN,Growing wheat industry,HRV,0.0,VEN,2015
1089,IDN,Growing maize industry,HRV,6.969134194225803e-05,VEN,2015
1090,IDN,Growing cereals n.e.c industry,HRV,0.0,VEN,2015
1091,IDN,Growing leguminous crops and oil seeds industry,HRV,0.00014368743043908158,VEN,2015
1092,IDN,Growing rice industry,HRV,0.0,VEN,2015
1093,IDN,"Growing vegetables, roots, tubers industry",HRV,0.0,VEN,2015
1094,IDN,Growing sugar beet and cane industry,HRV,6.015384469195105e-08,VEN,2015
1095,IDN,Growing tobacco industry,HRV,0.0,VEN,2015
1096,IDN,Growing fibre crops industry,HRV,6.061536715015967e-07,VEN,2015
1097,IDN,Growing crops n.e.c. industry,HRV,7.598206876168162e-06,VEN,2015
1098,IDN,Growing grapes industry,HRV,0.0,VEN,2015
1099,IDN,Growing fruits and nuts industry,HRV,2.447345596562734e-07,VEN,2015
1100,IDN,"Growing beverage crops (coffee, tea etc) industry",HRV,2.203499720315174e-07,VEN,2015
1101,IDN,"Growing spices, aromatic, drug and pharmaceutical crops industry",HRV,4.452864294933437e-05,VEN,2015
1102,IDN,Seeds and plant propagation industry,HRV,0.0,VEN,2015
1103,IDN,Raising of cattle industry,HRV,3.609224317383423e-06,VEN,2015
1104,IDN,Growing wheat industry,HTI,0.0,VEN,2015
1105,IDN,Growing maize industry,HTI,0.0002983785351544253,VEN,2015
1106,IDN,Growing cereals n.e.c industry,HTI,0.0,VEN,2015
1107,IDN,Growing leguminous crops and oil seeds industry,HTI,0.00046321067380636235,VEN,2015
1108,IDN,Growing rice industry,HTI,0.0,VEN,2015
1109,IDN,"Growing vegetables, roots, tubers industry",HTI,0.0,VEN,2015
1110,IDN,Growing sugar beet and cane industry,HTI,1.7399014951795683e-07,VEN,2015
1111,IDN,Growing tobacco industry,HTI,0.0,VEN,2015
1112,IDN,Growing fibre crops industry,HTI,2.162628159736186e-06,VEN,2015
1113,IDN,Growing crops n.e.c. industry,HTI,2.8110715930207133e-05,VEN,2015
1114,IDN,Growing grapes industry,HTI,0.0,VEN,2015
1115,IDN,Growing fruits and nuts industry,HTI,1.162046959743829e-06,VEN,2015
1116,IDN,"Growing beverage crops (coffee, tea etc) industry",HTI,4.459264387817781e-07,VEN,2015
1117,IDN,"Growing spices, aromatic, drug and pharmaceutical crops industry",HTI,0.0001738135649175056,VEN,2015
1118,IDN,Seeds and plant propagation industry,HTI,0.0,VEN,2015
1119,IDN,Raising of cattle industry,HTI,1.2078264456883877e-05,VEN,2015
1120,IDN,Growing wheat industry,HUN,0.0,VEN,2015
1121,IDN,Growing maize industry,HUN,0.00014869106543169224,VEN,2015
1122,IDN,Growing cereals n.e.c industry,HUN,0.0,VEN,2015
1123,IDN,Growing leguminous crops and oil seeds industry,HUN,0.00029115534423823994,VEN,2015
1124,IDN,Growing rice industry,HUN,0.0,VEN,2015
1125,IDN,"Growing vegetables, roots, tubers industry",HUN,0.0,VEN,2015
1126,IDN,Growing sugar beet and cane industry,HUN,6.977993661769768e-08,VEN,2015
1127,IDN,Growing tobacco industry,HUN,0.0,VEN,2015
1128,IDN,Growing fibre crops industry,HUN,1.2239649663005243e-06,VEN,2015
1129,IDN,Growing crops n.e.c. industry,HUN,2.0949486311309706e-05,VEN,2015
1130,IDN,Growing grapes industry,HUN,0.0,VEN,2015
1131,IDN,Growing fruits and nuts industry,HUN,5.541555647384181e-07,VEN,2015
1132,IDN,"Growing beverage crops (coffee, tea etc) industry",HUN,3.536450135096536e-07,VEN,2015
1133,IDN,"Growing spices, aromatic, drug and pharmaceutical crops industry",HUN,0.00010219149165478459,VEN,2015
1134,IDN,Seeds and plant propagation industry,HUN,0.0,VEN,2015
1135,IDN,Raising of cattle industry,HUN,7.770518908510001e-06,VEN,2015
1136,IDN,Growing wheat industry,IDN,0.0,VEN,2015
1137,IDN,Growing maize industry,IDN,0.0011085379534598275,VEN,2015
1138,IDN,Growing cereals n.e.c industry,IDN,0.0,VEN,2015
1139,IDN,Growing leguminous crops and oil seeds industry,IDN,0.0022253579429220233,VEN,2015
1140,IDN,Growing rice industry,IDN,0.0,VEN,2015
1141,IDN,"Growing vegetables, roots, tubers industry",IDN,0.0,VEN,2015
1142,IDN,Growing sugar beet and cane industry,IDN,5.146674576859608e-07,VEN,2015
1143,IDN,Growing tobacco industry,IDN,0.0,VEN,2015
1144,IDN,Growing fibre crops industry,IDN,7.321265547198181e-06,VEN,2015
1145,IDN,Growing crops n.e.c. industry,IDN,0.00012983466851278428,VEN,2015
1146,IDN,Growing grapes industry,IDN,0.0,VEN,2015
1147,IDN,Growing fruits and nuts industry,IDN,4.04320007182998e-06,VEN,2015
1148,IDN,"Growing beverage crops (coffee, tea etc) industry",IDN,2.0956481854606547e-06,VEN,2015
1149,IDN,"Growing spices, aromatic, drug and pharmaceutical crops industry",IDN,0.0008276523094170886,VEN,2015
1150,IDN,Seeds and plant propagation industry,IDN,0.0,VEN,2015
1151,IDN,Raising of cattle industry,IDN,5.208442440791696e-05,VEN,2015
1152,IDN,Growing wheat industry,IND,0.0,VEN,2015
1153,IDN,Growing maize industry,IND,0.0018609309133488588,VEN,2015
1154,IDN,Growing cereals n.e.c industry,IND,0.0,VEN,2015
1155,IDN,Growing leguminous crops and oil seeds industry,IND,0.00377997656160327,VEN,2015
1156,IDN,Growing rice industry,IND,0.0,VEN,2015
1157,IDN,"Growing vegetables, roots, tubers industry",IND,0.0,VEN,2015
1158,IDN,Growing sugar beet and cane industry,IND,7.923897347758499e-07,VEN,2015
1159,IDN,Growing tobacco industry,IND,0.0,VEN,2015
1160,IDN,Growing fibre crops industry,IND,1.2715817117995121e-05,VEN,2015
1161,IDN,Growing crops n.e.c. industry,IND,0.00024059096192772842,VEN,2015
1162,IDN,Growing grapes industry,IND,0.0,VEN,2015
1163,IDN,Growing fruits and nuts industry,IND,6.831203310250848e-06,VEN,2015
1164,IDN,"Growing beverage crops (coffee, tea etc) industry",IND,3.662094440616857e-06,VEN,2015
1165,IDN,"Growing spices, aromatic, drug and pharmaceutical crops industry",IND,0.001339136789207411,VEN,2015
1166,IDN,Seeds and plant propagation industry,IND,0.0,VEN,2015
1167,IDN,Raising of cattle industry,IND,9.018755643802986e-05,VEN,2015
1168,IDN,Growing wheat industry,IRL,0.0,VEN,2015
1169,IDN,Growing maize industry,IRL,0.00026133160519478806,VEN,2015
1170,IDN,Growing cereals n.e.c industry,IRL,0.0,VEN,2015
1171,IDN,Growing leguminous crops and oil seeds industry,IRL,0.00048439979716874117,VEN,2015
1172,IDN,Growing rice industry,IRL,0.0,VEN,2015
1173,IDN,"Growing vegetables, roots, tubers industry",IRL,0.0,VEN,2015
1174,IDN,Growing sugar beet and cane industry,IRL,1.2143788662543138e-07,VEN,2015
1175,IDN,Growing tobacco industry,IRL,0.0,VEN,2015
1176,IDN,Growing fibre crops industry,IRL,1.761868863059806e-06,VEN,2015
1177,IDN,Growing crops n.e.c. industry,IRL,5.279874528498715e-05,VEN,2015
1178,IDN,Growing grapes industry,IRL,0.0,VEN,2015
1179,IDN,Growing fruits and nuts industry,IRL,9.343044575084009e-07,VEN,2015
1180,IDN,"Growing beverage crops (coffee, tea etc) industry",IRL,5.539531127735905e-07,VEN,2015
1181,IDN,"Growing spices, aromatic, drug and pharmaceutical crops industry",IRL,0.0001426325699580359,VEN,2015
1182,IDN,Seeds and plant propagation industry,IRL,0.0,VEN,2015
1183,IDN,Raising of cattle industry,IRL,1.3225287768393715e-05,VEN,2015
1184,IDN,Growing wheat industry,IRN,0.0,VEN,2015
1185,IDN,Growing maize industry,IRN,0.0003999001822259731,VEN,2015
1186,IDN,Growing cereals n.e.c industry,IRN,0.0,VEN,2015
1187,IDN,Growing leguminous crops and oil seeds industry,IRN,0.000789944698902609,VEN,2015
1188,IDN,Growing rice industry,IRN,0.0,VEN,2015
1189,IDN,"Growing vegetables, roots, tubers industry",IRN,0.0,VEN,2015
1190,IDN,Growing sugar beet and cane industry,IRN,1.6938933575430392e-07,VEN,2015
1191,IDN,Growing tobacco industry,IRN,0.0,VEN,2015
1192,IDN,Growing fibre crops industry,IRN,2.9674492707706856e-06,VEN,2015
1193,IDN,Growing crops n.e.c. industry,IRN,5.124843118781394e-05,VEN,2015
1194,IDN,Growing grapes industry,IRN,0.0,VEN,2015
1195,IDN,Growing fruits and nuts industry,IRN,1.5452655116144229e-06,VEN,2015
1196,IDN,"Growing beverage crops (coffee, tea etc) industry",IRN,8.231286129828882e-07,VEN,2015
1197,IDN,"Growing spices, aromatic, drug and pharmaceutical crops industry",IRN,0.00022566209265472388,VEN,2015
1198,IDN,Seeds and plant propagation industry,IRN,0.0,VEN,2015
1199,IDN,Raising of cattle industry,IRN,1.922772113147963e-05,VEN,2015
1200,IDN,Growing wheat industry,IRQ,0.0,VEN,2015
1201,IDN,Growing maize industry,IRQ,0.0001340478435787719,VEN,2015
1202,IDN,Growing cereals n.e.c industry,IRQ,0.0,VEN,2015
1203,IDN,Growing leguminous crops and oil seeds industry,IRQ,0.0002719601285640152,VEN,2015
1204,IDN,Growing rice industry,IRQ,0.0,VEN,2015
1205,IDN,"Growing vegetables, roots, tubers industry",IRQ,0.0,VEN,2015
1206,IDN,Growing sugar beet and cane industry,IRQ,5.8376953780929446e-08,VEN,2015
1207,IDN,Growing tobacco industry,IRQ,0.0,VEN,2015
1208,IDN,Growing fibre crops industry,IRQ,9.313670224447473e-07,VEN,2015
1209,IDN,Growing crops n.e.c. industry,IRQ,1.619471872566041e-05,VEN,2015
1210,IDN,Growing grapes industry,IRQ,0.0,VEN,2015
1211,IDN,Growing fruits and nuts industry,IRQ,5.19372217539159e-07,VEN,2015
1212,IDN,"Growing beverage crops (coffee, tea etc) industry",IRQ,2.6872077742752813e-07,VEN,2015
1213,IDN,"Growing spices, aromatic, drug and pharmaceutical crops industry",IRQ,8.685491883577144e-05,VEN,2015
1214,IDN,Seeds and plant propagation industry,IRQ,0.0,VEN,2015
1215,IDN,Raising of cattle industry,IRQ,6.185534755785356e-06,VEN,2015
1216,IDN,Growing wheat industry,ISL,0.0,VEN,2015
1217,IDN,Growing maize industry,ISL,3.310053010060088e-05,VEN,2015
1218,IDN,Growing cereals n.e.c industry,ISL,0.0,VEN,2015
1219,IDN,Growing leguminous crops and oil seeds industry,ISL,6.72568887073157e-05,VEN,2015
1220,IDN,Growing rice industry,ISL,0.0,VEN,2015
1221,IDN,"Growing vegetables, roots, tubers industry",ISL,0.0,VEN,2015
1222,IDN,Growing sugar beet and cane industry,ISL,1.499712377300059e-08,VEN,2015
1223,IDN,Growing tobacco industry,ISL,0.0,VEN,2015
1224,IDN,Growing fibre crops industry,ISL,2.663269477900679e-07,VEN,2015
1225,IDN,Growing crops n.e.c. industry,ISL,4.173524147422753e-06,VEN,2015
1226,IDN,Growing grapes industry,ISL,0.0,VEN,2015
1227,IDN,Growing fruits and nuts industry,ISL,1.286646717519151e-07,VEN,2015
1228,IDN,"Growing beverage crops (coffee, tea etc) industry",ISL,6.872264208955264e-08,VEN,2015
1229,IDN,"Growing spices, aromatic, drug and pharmaceutical crops industry",ISL,3.566693027158197e-05,VEN,2015
1230,IDN,Seeds and plant propagation industry,ISL,0.0,VEN,2015
1231,IDN,Raising of cattle industry,ISL,1.8347154125652632e-06,VEN,2015
1232,IDN,Growing wheat industry,ISR,0.0,VEN,2015
1233,IDN,Growing maize industry,ISR,0.0003108359227564651,VEN,2015
1234,IDN,Growing cereals n.e.c industry,ISR,0.0,VEN,2015
1235,IDN,Growing leguminous crops and oil seeds industry,ISR,0.0005806489190270871,VEN,2015
1236,IDN,Growing rice industry,ISR,0.0,VEN,2015
1237,IDN,"Growing vegetables, roots, tubers industry",ISR,0.0,VEN,2015
1238,IDN,Growing sugar beet and cane industry,ISR,1.4436827812847562e-07,VEN,2015
1239,IDN,Growing tobacco industry,ISR,0.0,VEN,2015
1240,IDN,Growing fibre crops industry,ISR,2.3800089080929257e-06,VEN,2015
1241,IDN,Growing crops n.e.c. industry,ISR,4.3239014569474e-05,VEN,2015
1242,IDN,Growing grapes industry,ISR,0.0,VEN,2015
1243,IDN,Growing fruits and nuts industry,ISR,1.111724477536402e-06,VEN,2015
1244,IDN,"Growing beverage crops (coffee, tea etc) industry",ISR,6.196777640373279e-07,VEN,2015
1245,IDN,"Growing spices, aromatic, drug and pharmaceutical crops industry",ISR,0.00019140002047949315,VEN,2015
1246,IDN,Seeds and plant propagation industry,ISR,0.0,VEN,2015
1247,IDN,Raising of cattle industry,ISR,1.5804369937426954e-05,VEN,2015
1248,IDN,Growing wheat industry,ITA,0.0,VEN,2015
1249,IDN,Growing maize industry,ITA,0.0048074090158996595,VEN,2015
1250,IDN,Growing cereals n.e.c industry,ITA,0.0,VEN,2015
1251,IDN,Growing leguminous crops and oil seeds industry,ITA,0.008700898639547424,VEN,2015
1252,IDN,Growing rice industry,ITA,0.0,VEN,2015
1253,IDN,"Growing vegetables, roots, tubers industry",ITA,0.0,VEN,2015
1254,IDN,Growing sugar beet and cane industry,ITA,3.030932025983501e-06,VEN,2015
1255,IDN,Growing tobacco industry,ITA,0.0,VEN,2015
1256,IDN,Growing fibre crops industry,ITA,4.29663235480739e-05,VEN,2015
1257,IDN,Growing crops n.e.c. industry,ITA,0.0006524847724972964,VEN,2015
1258,IDN,Growing grapes industry,ITA,0.0,VEN,2015
1259,IDN,Growing fruits and nuts industry,ITA,1.6470466934928836e-05,VEN,2015
1260,IDN,"Growing beverage crops (coffee, tea etc) industry",ITA,1.3269825614151821e-05,VEN,2015
1261,IDN,"Growing spices, aromatic, drug and pharmaceutical crops industry",ITA,0.003531273203513185,VEN,2015
1262,IDN,Seeds and plant propagation industry,ITA,0.0,VEN,2015
1263,IDN,Raising of cattle industry,ITA,0.0002711586561989359,VEN,2015
1264,IDN,Growing wheat industry,JAM,0.0,VEN,2015
1265,IDN,Growing maize industry,JAM,0.0005658376501354619,VEN,2015
1266,IDN,Growing cereals n.e.c industry,JAM,0.0,VEN,2015
1267,IDN,Growing leguminous crops and oil seeds industry,JAM,0.0009075807144091688,VEN,2015
1268,IDN,Growing rice industry,JAM,0.0,VEN,2015
1269,IDN,"Growing vegetables, roots, tubers industry",JAM,0.0,VEN,2015
1270,IDN,Growing sugar beet and cane industry,JAM,2.1365862916986785e-07,VEN,2015
1271,IDN,Growing tobacco industry,JAM,0.0,VEN,2015
1272,IDN,Growing fibre crops industry,JAM,3.7168203738538412e-06,VEN,2015
1273,IDN,Growing crops n.e.c. industry,JAM,3.807508106468006e-05,VEN,2015
1274,IDN,Growing grapes industry,JAM,0.0,VEN,2015
1275,IDN,Growing fruits and nuts industry,JAM,2.1099509214595894e-06,VEN,2015
1276,IDN,"Growing beverage crops (coffee, tea etc) industry",JAM,1.169342170384161e-06,VEN,2015
1277,IDN,"Growing spices, aromatic, drug and pharmaceutical crops industry",JAM,0.0002688060922115798,VEN,2015
1278,IDN,Seeds and plant propagation industry,JAM,0.0,VEN,2015
1279,IDN,Raising of cattle industry,JAM,2.806875653203512e-05,VEN,2015
1280,IDN,Growing wheat industry,JOR,0.0,VEN,2015
1281,IDN,Growing maize industry,JOR,8.349424987138305e-05,VEN,2015
1282,IDN,Growing cereals n.e.c industry,JOR,0.0,VEN,2015
1283,IDN,Growing leguminous crops and oil seeds industry,JOR,0.00015688237529551567,VEN,2015
1284,IDN,Growing rice industry,JOR,0.0,VEN,2015
1285,IDN,"Growing vegetables, roots, tubers industry",JOR,0.0,VEN,2015
1286,IDN,Growing sugar beet and cane industry,JOR,3.7847622551976644e-08,VEN,2015
1287,IDN,Growing tobacco industry,JOR,0.0,VEN,2015
1288,IDN,Growing fibre crops industry,JOR,5.632575778173276e-07,VEN,2015
1289,IDN,Growing crops n.e.c. industry,JOR,8.797435696311756e-06,VEN,2015
1290,IDN,Growing grapes industry,JOR,0.0,VEN,2015
1291,IDN,Growing fruits and nuts industry,JOR,2.919629931602296e-07,VEN,2015
1292,IDN,"Growing beverage crops (coffee, tea etc) industry",JOR,2.060685679444001e-07,VEN,2015
1293,IDN,"Growing spices, aromatic, drug and pharmaceutical crops industry",JOR,3.299927931212438e-05,VEN,2015
1294,IDN,Seeds and plant propagation industry,JOR,0.0,VEN,2015
1295,IDN,Raising of cattle industry,JOR,3.6036646416612658e-06,VEN,2015
1296,IDN,Growing wheat industry,JPN,0.0,VEN,2015
1297,IDN,Growing maize industry,JPN,0.0034767725971897143,VEN,2015
1298,IDN,Growing cereals n.e.c industry,JPN,0.0,VEN,2015
1299,IDN,Growing leguminous crops and oil seeds industry,JPN,0.0072842603343669,VEN,2015
1300,IDN,Growing rice industry,JPN,0.0,VEN,2015
1301,IDN,"Growing vegetables, roots, tubers industry",JPN,0.0,VEN,2015
1302,IDN,Growing sugar beet and cane industry,JPN,1.5208437750861231e-06,VEN,2015
1303,IDN,Growing tobacco industry,JPN,0.0,VEN,2015
1304,IDN,Growing fibre crops industry,JPN,2.509397842821348e-05,VEN,2015
1305,IDN,Growing crops n.e.c. industry,JPN,0.0005022375153052707,VEN,2015
1306,IDN,Growing grapes industry,JPN,0.0,VEN,2015
1307,IDN,Growing fruits and nuts industry,JPN,1.4293191898524893e-05,VEN,2015
1308,IDN,"Growing beverage crops (coffee, tea etc) industry",JPN,6.483828978302797e-06,VEN,2015
1309,IDN,"Growing spices, aromatic, drug and pharmaceutical crops industry",JPN,0.003112534524222542,VEN,2015
1310,IDN,Seeds and plant propagation industry,JPN,0.0,VEN,2015
1311,IDN,Raising of cattle industry,JPN,0.00016236794798307503,VEN,2015
1312,IDN,Growing wheat industry,KAZ,0.0,VEN,2015
1313,IDN,Growing maize industry,KAZ,8.458598310498487e-05,VEN,2015
1314,IDN,Growing cereals n.e.c industry,KAZ,0.0,VEN,2015
1315,IDN,Growing leguminous crops and oil seeds industry,KAZ,0.00016972645975910582,VEN,2015
1316,IDN,Growing rice industry,KAZ,0.0,VEN,2015
1317,IDN,"Growing vegetables, roots, tubers industry",KAZ,0.0,VEN,2015
1318,IDN,Growing sugar beet and cane industry,KAZ,3.709257281842113e-08,VEN,2015
1319,IDN,Growing tobacco industry,KAZ,0.0,VEN,2015
1320,IDN,Growing fibre crops industry,KAZ,6.067701150197354e-07,VEN,2015
1321,IDN,Growing crops n.e.c. industry,KAZ,1.071529361622344e-05,VEN,2015
1322,IDN,Growing grapes industry,KAZ,0.0,VEN,2015
1323,IDN,Growing fruits and nuts industry,KAZ,3.2279154578865897e-07,VEN,2015
1324,IDN,"Growing beverage crops (coffee, tea etc) industry",KAZ,1.7484655311397228e-07,VEN,2015
1325,IDN,"Growing spices, aromatic, drug and pharmaceutical crops industry",KAZ,6.043570147760127e-05,VEN,2015
1326,IDN,Seeds and plant propagation industry,KAZ,0.0,VEN,2015
1327,IDN,Raising of cattle industry,KAZ,4.048878915907652e-06,VEN,2015
1328,IDN,Growing wheat industry,KEN,0.0,VEN,2015
1329,IDN,Growing maize industry,KEN,5.7863656154208703e-05,VEN,2015
1330,IDN,Growing cereals n.e.c industry,KEN,0.0,VEN,2015
1331,IDN,Growing leguminous crops and oil seeds industry,KEN,0.00014322377923614847,VEN,2015
1332,IDN,Growing rice industry,KEN,0.0,VEN,2015
1333,IDN,"Growing vegetables, roots, tubers industry",KEN,0.0,VEN,2015
1334,IDN,Growing sugar beet and cane industry,KEN,2.749491035618955e-08,VEN,2015
1335,IDN,Growing tobacco industry,KEN,0.0,VEN,2015
1336,IDN,Growing fibre crops industry,KEN,4.162881555225366e-07,VEN,2015
1337,IDN,Growing crops n.e.c. industry,KEN,5.763180663266462e-06,VEN,2015
1338,IDN,Growing grapes industry,KEN,0.0,VEN,2015
1339,IDN,Growing fruits and nuts industry,KEN,2.501716277915118e-07,VEN,2015
1340,IDN,"Growing beverage crops (coffee, tea etc) industry",KEN,1.0914025500013241e-07,VEN,2015
1341,IDN,"Growing spices, aromatic, drug and pharmaceutical crops industry",KEN,5.7829018227714116e-05,VEN,2015
1342,IDN,Seeds and plant propagation industry,KEN,0.0,VEN,2015
1343,IDN,Raising of cattle industry,KEN,2.6262474096460094e-06,VEN,2015
1344,IDN,Growing wheat industry,KGZ,0.0,VEN,2015
1345,IDN,Growing maize industry,KGZ,5.833729555331901e-05,VEN,2015
1346,IDN,Growing cereals n.e.c industry,KGZ,0.0,VEN,2015
1347,IDN,Growing leguminous crops and oil seeds industry,KGZ,0.00014146801545226144,VEN,2015
1348,IDN,Growing rice industry,KGZ,0.0,VEN,2015
1349,IDN,"Growing vegetables, roots, tubers industry",KGZ,0.0,VEN,2015
1350,IDN,Growing sugar beet and cane industry,KGZ,2.4410170998997913e-08,VEN,2015
1351,IDN,Growing tobacco industry,KGZ,0.0,VEN,2015
1352,IDN,Growing fibre crops industry,KGZ,3.933222425088965e-07,VEN,2015
1353,IDN,Growing crops n.e.c. industry,KGZ,7.316119394596608e-06,VEN,2015
1354,IDN,Growing grapes industry,KGZ,0.0,VEN,2015
1355,IDN,Growing fruits and nuts industry,KGZ,2.4072832093024325e-07,VEN,2015
1356,IDN,"Growing beverage crops (coffee, tea etc) industry",KGZ,1.0607828503616216e-07,VEN,2015
1357,IDN,"Growing spices, aromatic, drug and pharmaceutical crops industry",KGZ,6.2043994008327e-05,VEN,2015
1358,IDN,Seeds and plant propagation industry,KGZ,0.0,VEN,2015
1359,IDN,Raising of cattle industry,KGZ,2.6959844695492932e-06,VEN,2015
1360,IDN,Growing wheat industry,KHM,0.0,VEN,2015
1361,IDN,Growing maize industry,KHM,5.722847938060049e-05,VEN,2015
1362,IDN,Growing cereals n.e.c industry,KHM,0.0,VEN,2015
1363,IDN,Growing leguminous crops and oil seeds industry,KHM,0.0001065861974462775,VEN,2015
1364,IDN,Growing rice industry,KHM,0.0,VEN,2015
1365,IDN,"Growing vegetables, roots, tubers industry",KHM,0.0,VEN,2015
1366,IDN,Growing sugar beet and cane industry,KHM,2.5975025982783888e-08,VEN,2015
1367,IDN,Growing tobacco industry,KHM,0.0,VEN,2015
1368,IDN,Growing fibre crops industry,KHM,3.9779345036520443e-07,VEN,2015
1369,IDN,Growing crops n.e.c. industry,KHM,8.20206519391762e-06,VEN,2015
1370,IDN,Growing grapes industry,KHM,0.0,VEN,2015
1371,IDN,Growing fruits and nuts industry,KHM,2.0501611203073543e-07,VEN,2015
1372,IDN,"Growing beverage crops (coffee, tea etc) industry",KHM,1.042492581081562e-07,VEN,2015
1373,IDN,"Growing spices, aromatic, drug and pharmaceutical crops industry",KHM,4.133538145639263e-05,VEN,2015
1374,IDN,Seeds and plant propagation industry,KHM,0.0,VEN,2015
1375,IDN,Raising of cattle industry,KHM,2.765069397750856e-06,VEN,2015
1376,IDN,Growing wheat industry,KOR,0.0,VEN,2015
1377,IDN,Growing maize industry,KOR,0.0015843084791339944,VEN,2015
1378,IDN,Growing cereals n.e.c industry,KOR,0.0,VEN,2015
1379,IDN,Growing leguminous crops and oil seeds industry,KOR,0.0029772709991832385,VEN,2015
1380,IDN,Growing rice industry,KOR,0.0,VEN,2015
1381,IDN,"Growing vegetables, roots, tubers industry",KOR,0.0,VEN,2015
1382,IDN,Growing sugar beet and cane industry,KOR,6.923220463806455e-07,VEN,2015
1383,IDN,Growing tobacco industry,KOR,0.0,VEN,2015
1384,IDN,Growing fibre crops industry,KOR,1.1052826188753787e-05,VEN,2015
1385,IDN,Growing crops n.e.c. industry,KOR,0.00023271705900242113,VEN,2015
1386,IDN,Growing grapes industry,KOR,0.0,VEN,2015
1387,IDN,Growing fruits and nuts industry,KOR,6.1428329563962475e-06,VEN,2015
1388,IDN,"Growing beverage crops (coffee, tea etc) industry",KOR,3.110980671720444e-06,VEN,2015
1389,IDN,"Growing spices, aromatic, drug and pharmaceutical crops industry",KOR,0.0010689123928627406,VEN,2015
1390,IDN,Seeds and plant propagation industry,KOR,0.0,VEN,2015
1391,IDN,Raising of cattle industry,KOR,7.120134417620049e-05,VEN,2015
1392,IDN,Growing wheat industry,KWT,0.0,VEN,2015
1393,IDN,Growing maize industry,KWT,9.90042888396184e-05,VEN,2015
1394,IDN,Growing cereals n.e.c industry,KWT,0.0,VEN,2015
1395,IDN,Growing leguminous crops and oil seeds industry,KWT,0.00018751211652121765,VEN,2015
1396,IDN,Growing rice industry,KWT,0.0,VEN,2015
1397,IDN,"Growing vegetables, roots, tubers industry",KWT,0.0,VEN,2015
1398,IDN,Growing sugar beet and cane industry,KWT,4.6732746719324914e-08,VEN,2015
1399,IDN,Growing tobacco industry,KWT,0.0,VEN,2015
1400,IDN,Growing fibre crops industry,KWT,7.118662707299466e-07,VEN,2015
1401,IDN,Growing crops n.e.c. industry,KWT,1.2083959718076707e-05,VEN,2015
1402,IDN,Growing grapes industry,KWT,0.0,VEN,2015
1403,IDN,Growing fruits and nuts industry,KWT,3.710712795360086e-07,VEN,2015
1404,IDN,"Growing beverage crops (coffee, tea etc) industry",KWT,1.8924788350395067e-07,VEN,2015
1405,IDN,"Growing spices, aromatic, drug and pharmaceutical crops industry",KWT,5.832069564501493e-05,VEN,2015
1406,IDN,Seeds and plant propagation industry,KWT,0.0,VEN,2015
1407,IDN,Raising of cattle industry,KWT,4.669346749799706e-06,VEN,2015
1408,IDN,Growing wheat industry,LAO,0.0,VEN,2015
1409,IDN,Growing maize industry,LAO,3.398276026079072e-05,VEN,2015
1410,IDN,Growing cereals n.e.c industry,LAO,0.0,VEN,2015
1411,IDN,Growing leguminous crops and oil seeds industry,LAO,5.102274811279143e-05,VEN,2015
1412,IDN,Growing rice industry,LAO,0.0,VEN,2015
1413,IDN,"Growing vegetables, roots, tubers industry",LAO,0.0,VEN,2015
1414,IDN,Growing sugar beet and cane industry,LAO,1.3899757257335898e-08,VEN,2015
1415,IDN,Growing tobacco industry,LAO,0.0,VEN,2015
1416,IDN,Growing fibre crops industry,LAO,2.8227866409145365e-07,VEN,2015
1417,IDN,Growing crops n.e.c. industry,LAO,3.1872663307720777e-06,VEN,2015
1418,IDN,Growing grapes industry,LAO,0.0,VEN,2015
1419,IDN,Growing fruits and nuts industry,LAO,1.2563173550665375e-07,VEN,2015
1420,IDN,"Growing beverage crops (coffee, tea etc) industry",LAO,8.47928050367318e-08,VEN,2015
1421,IDN,"Growing spices, aromatic, drug and pharmaceutical crops industry",LAO,1.5913816897398238e-05,VEN,2015
1422,IDN,Seeds and plant propagation industry,LAO,0.0,VEN,2015
1423,IDN,Raising of cattle industry,LAO,1.652775011237791e-06,VEN,2015
1424,IDN,Growing wheat industry,LBN,0.0,VEN,2015
1425,IDN,Growing maize industry,LBN,0.00012562695106668037,VEN,2015
1426,IDN,Growing cereals n.e.c industry,LBN,0.0,VEN,2015
1427,IDN,Growing leguminous crops and oil seeds industry,LBN,0.0002464329855084999,VEN,2015
1428,IDN,Growing rice industry,LBN,0.0,VEN,2015
1429,IDN,"Growing vegetables, roots, tubers industry",LBN,0.0,VEN,2015
1430,IDN,Growing sugar beet and cane industry,LBN,4.700095359185378e-08,VEN,2015
1431,IDN,Growing tobacco industry,LBN,0.0,VEN,2015
1432,IDN,Growing fibre crops industry,LBN,7.638210105877687e-07,VEN,2015
1433,IDN,Growing crops n.e.c. industry,LBN,1.1038301185038186e-05,VEN,2015
1434,IDN,Growing grapes industry,LBN,0.0,VEN,2015
1435,IDN,Growing fruits and nuts industry,LBN,4.463637710751391e-07,VEN,2015
1436,IDN,"Growing beverage crops (coffee, tea etc) industry",LBN,2.544082830658828e-07,VEN,2015
1437,IDN,"Growing spices, aromatic, drug and pharmaceutical crops industry",LBN,8.167992561671011e-05,VEN,2015
1438,IDN,Seeds and plant propagation industry,LBN,0.0,VEN,2015
1439,IDN,Raising of cattle industry,LBN,5.731102797563149e-06,VEN,2015
1440,IDN,Growing wheat industry,LBR,0.0,VEN,2015
1441,IDN,Growing maize industry,LBR,8.279651267002394e-06,VEN,2015
1442,IDN,Growing cereals n.e.c industry,LBR,0.0,VEN,2015
1443,IDN,Growing leguminous crops and oil seeds industry,LBR,1.2814201995245805e-05,VEN,2015
1444,IDN,Growing rice industry,LBR,0.0,VEN,2015
1445,IDN,"Growing vegetables, roots, tubers industry",LBR,0.0,VEN,2015
1446,IDN,Growing sugar beet and cane industry,LBR,2.9604123466736607e-09,VEN,2015
1447,IDN,Growing tobacco industry,LBR,0.0,VEN,2015
1448,IDN,Growing fibre crops industry,LBR,4.818625669156362e-08,VEN,2015
1449,IDN,Growing crops n.e.c. industry,LBR,5.517040223642316e-07,VEN,2015
1450,IDN,Growing grapes industry,LBR,0.0,VEN,2015
1451,IDN,Growing fruits and nuts industry,LBR,2.6054526628527976e-08,VEN,2015
1452,IDN,"Growing beverage crops (coffee, tea etc) industry",LBR,1.853225413518183e-08,VEN,2015
1453,IDN,"Growing spices, aromatic, drug and pharmaceutical crops industry",LBR,3.041448276391104e-06,VEN,2015
1454,IDN,Seeds and plant propagation industry,LBR,0.0,VEN,2015
1455,IDN,Raising of cattle industry,LBR,4.2599620500219035e-07,VEN,2015
1456,IDN,Growing wheat industry,LBY,0.0,VEN,2015
1457,IDN,Growing maize industry,LBY,7.293130176608811e-05,VEN,2015
1458,IDN,Growing cereals n.e.c industry,LBY,0.0,VEN,2015
1459,IDN,Growing leguminous crops and oil seeds industry,LBY,0.0001396193882128559,VEN,2015
1460,IDN,Growing rice industry,LBY,0.0,VEN,2015
1461,IDN,"Growing vegetables, roots, tubers industry",LBY,0.0,VEN,2015
1462,IDN,Growing sugar beet and cane industry,LBY,3.0690594418232725e-08,VEN,2015
1463,IDN,Growing tobacco industry,LBY,0.0,VEN,2015
1464,IDN,Growing fibre crops industry,LBY,5.076548181723308e-07,VEN,2015
1465,IDN,Growing crops n.e.c. industry,LBY,8.248257827463372e-06,VEN,2015
1466,IDN,Growing grapes industry,LBY,0.0,VEN,2015
1467,IDN,Growing fruits and nuts industry,LBY,2.7803244037492274e-07,VEN,2015
1468,IDN,"Growing beverage crops (coffee, tea etc) industry",LBY,1.4947005113594434e-07,VEN,2015
1469,IDN,"Growing spices, aromatic, drug and pharmaceutical crops industry",LBY,4.503417665080925e-05,VEN,2015
1470,IDN,Seeds and plant propagation industry,LBY,0.0,VEN,2015
1471,IDN,Raising of cattle industry,LBY,3.281598994818306e-06,VEN,2015
1472,IDN,Growing wheat industry,LKA,0.0,VEN,2015
1473,IDN,Growing maize industry,LKA,0.0001069191740767283,VEN,2015
1474,IDN,Growing cereals n.e.c industry,LKA,0.0,VEN,2015
1475,IDN,Growing leguminous crops and oil seeds industry,LKA,0.00022528257105882638,VEN,2015
1476,IDN,Growing rice industry,LKA,0.0,VEN,2015
1477,IDN,"Growing vegetables, roots, tubers industry",LKA,0.0,VEN,2015
1478,IDN,Growing sugar beet and cane industry,LKA,4.8530952142107066e-08,VEN,2015
1479,IDN,Growing tobacco industry,LKA,0.0,VEN,2015
1480,IDN,Growing fibre crops industry,LKA,8.124138043046522e-07,VEN,2015
1481,IDN,Growing crops n.e.c. industry,LKA,1.4621877147472499e-05,VEN,2015
1482,IDN,Growing grapes industry,LKA,0.0,VEN,2015
1483,IDN,Growing fruits and nuts industry,LKA,5.114515400578922e-07,VEN,2015
1484,IDN,"Growing beverage crops (coffee, tea etc) industry",LKA,2.1191074480074503e-07,VEN,2015
1485,IDN,"Growing spices, aromatic, drug and pharmaceutical crops industry",LKA,0.00011545725234370992,VEN,2015
1486,IDN,Seeds and plant propagation industry,LKA,0.0,VEN,2015
1487,IDN,Raising of cattle industry,LKA,5.277445296162125e-06,VEN,2015
1488,IDN,Growing wheat industry,LTU,0.0,VEN,2015
1489,IDN,Growing maize industry,LTU,4.827906250627855e-05,VEN,2015
1490,IDN,Growing cereals n.e.c industry,LTU,0.0,VEN,2015
1491,IDN,Growing leguminous crops and oil seeds industry,LTU,0.00010478259381795793,VEN,2015
1492,IDN,Growing rice industry,LTU,0.0,VEN,2015
1493,IDN,"Growing vegetables, roots, tubers industry",LTU,0.0,VEN,2015
1494,IDN,Growing sugar beet and cane industry,LTU,2.2034868126818917e-08,VEN,2015
1495,IDN,Growing tobacco industry,LTU,0.0,VEN,2015
1496,IDN,Growing fibre crops industry,LTU,3.7310399856011533e-07,VEN,2015
1497,IDN,Growing crops n.e.c. industry,LTU,6.1397259864564185e-06,VEN,2015
1498,IDN,Growing grapes industry,LTU,0.0,VEN,2015
1499,IDN,Growing fruits and nuts industry,LTU,1.8876707024750388e-07,VEN,2015
1500,IDN,"Growing beverage crops (coffee, tea etc) industry",LTU,1.0495187055662474e-07,VEN,2015
1501,IDN,"Growing spices, aromatic, drug and pharmaceutical crops industry",LTU,3.6294375025534494e-05,VEN,2015
1502,IDN,Seeds and plant propagation industry,LTU,0.0,VEN,2015
1503,IDN,Raising of cattle industry,LTU,2.525576349750952e-06,VEN,2015
1504,IDN,Growing wheat industry,LUX,0.0,VEN,2015
1505,IDN,Growing maize industry,LUX,9.427964357387915e-05,VEN,2015
1506,IDN,Growing cereals n.e.c industry,LUX,0.0,VEN,2015
1507,IDN,Growing leguminous crops and oil seeds industry,LUX,0.0001537896261544386,VEN,2015
1508,IDN,Growing rice industry,LUX,0.0,VEN,2015
1509,IDN,"Growing vegetables, roots, tubers industry",LUX,0.0,VEN,2015
1510,IDN,Growing sugar beet and cane industry,LUX,4.738214649324714e-08,VEN,2015
1511,IDN,Growing tobacco industry,LUX,0.0,VEN,2015
1512,IDN,Growing fibre crops industry,LUX,1.0810145752229003e-06,VEN,2015
1513,IDN,Growing crops n.e.c. industry,LUX,1.352710624449907e-05,VEN,2015
1514,IDN,Growing grapes industry,LUX,0.0,VEN,2015
1515,IDN,Growing fruits and nuts industry,LUX,4.026485522359355e-07,VEN,2015
1516,IDN,"Growing beverage crops (coffee, tea etc) industry",LUX,2.939264914164726e-07,VEN,2015
1517,IDN,"Growing spices, aromatic, drug and pharmaceutical crops industry",LUX,5.84246033717622e-05,VEN,2015
1518,IDN,Seeds and plant propagation industry,LUX,0.0,VEN,2015
1519,IDN,Raising of cattle industry,LUX,4.908042132480172e-06,VEN,2015
1520,IDN,Growing wheat industry,LVA,0.0,VEN,2015
1521,IDN,Growing maize industry,LVA,2.605508816734503e-05,VEN,2015
1522,IDN,Growing cereals n.e.c industry,LVA,0.0,VEN,2015
1523,IDN,Growing leguminous crops and oil seeds industry,LVA,5.5778289780552635e-05,VEN,2015
1524,IDN,Growing rice industry,LVA,0.0,VEN,2015
1525,IDN,"Growing vegetables, roots, tubers industry",LVA,0.0,VEN,2015
1526,IDN,Growing sugar beet and cane industry,LVA,1.137562458270706e-08,VEN,2015
1527,IDN,Growing tobacco industry,LVA,0.0,VEN,2015
1528,IDN,Growing fibre crops industry,LVA,1.8427595209734617e-07,VEN,2015
1529,IDN,Growing crops n.e.c. industry,LVA,3.1004758464804126e-06,VEN,2015
1530,IDN,Growing grapes industry,LVA,0.0,VEN,2015
1531,IDN,Growing fruits and nuts industry,LVA,1.0191476967533646e-07,VEN,2015
1532,IDN,"Growing beverage crops (coffee, tea etc) industry",LVA,5.661963374664815e-08,VEN,2015
1533,IDN,"Growing spices, aromatic, drug and pharmaceutical crops industry",LVA,1.983763561134125e-05,VEN,2015
1534,IDN,Seeds and plant propagation industry,LVA,0.0,VEN,2015
1535,IDN,Raising of cattle industry,LVA,1.297942049703807e-06,VEN,2015
1536,IDN,Growing wheat industry,MAR,0.0,VEN,2015
1537,IDN,Growing maize industry,MAR,0.0001757535373554245,VEN,2015
1538,IDN,Growing cereals n.e.c industry,MAR,0.0,VEN,2015
1539,IDN,Growing leguminous crops and oil seeds industry,MAR,0.00033479756856316374,VEN,2015
1540,IDN,Growing rice industry,MAR,0.0,VEN,2015
1541,IDN,"Growing vegetables, roots, tubers industry",MAR,0.0,VEN,2015
1542,IDN,Growing sugar beet and cane industry,MAR,6.981233927318422e-08,VEN,2015
1543,IDN,Growing tobacco industry,MAR,0.0,VEN,2015
1544,IDN,Growing fibre crops industry,MAR,1.1550916017338078e-06,VEN,2015
1545,IDN,Growing crops n.e.c. industry,MAR,1.7492067466497227e-05,VEN,2015
1546,IDN,Growing grapes industry,MAR,0.0,VEN,2015
1547,IDN,Growing fruits and nuts industry,MAR,6.426451016301703e-07,VEN,2015
1548,IDN,"Growing beverage crops (coffee, tea etc) industry",MAR,4.1376052012267494e-07,VEN,2015
1549,IDN,"Growing spices, aromatic, drug and pharmaceutical crops industry",MAR,0.00010343813306739853,VEN,2015
1550,IDN,Seeds and plant propagation industry,MAR,0.0,VEN,2015
1551,IDN,Raising of cattle industry,MAR,8.147191907539361e-06,VEN,2015
1552,IDN,Growing wheat industry,MDA,0.0,VEN,2015
1553,IDN,Growing maize industry,MDA,8.740493736651005e-06,VEN,2015
1554,IDN,Growing cereals n.e.c industry,MDA,0.0,VEN,2015
1555,IDN,Growing leguminous crops and oil seeds industry,MDA,1.940591443143845e-05,VEN,2015
1556,IDN,Growing rice industry,MDA,0.0,VEN,2015
1557,IDN,"Growing vegetables, roots, tubers industry",MDA,0.0,VEN,2015
1558,IDN,Growing sugar beet and cane industry,MDA,3.784798060462189e-09,VEN,2015
1559,IDN,Growing tobacco industry,MDA,0.0,VEN,2015
1560,IDN,Growing fibre crops industry,MDA,5.976460800880534e-08,VEN,2015
1561,IDN,Growing crops n.e.c. industry,MDA,9.974726914950447e-07,VEN,2015
1562,IDN,Growing grapes industry,MDA,0.0,VEN,2015
1563,IDN,Growing fruits and nuts industry,MDA,3.6057244775155506e-08,VEN,2015
1564,IDN,"Growing beverage crops (coffee, tea etc) industry",MDA,1.8852855524841275e-08,VEN,2015
1565,IDN,"Growing spices, aromatic, drug and pharmaceutical crops industry",MDA,7.363949419787667e-06,VEN,2015
1566,IDN,Seeds and plant propagation industry,MDA,0.0,VEN,2015
1567,IDN,Raising of cattle industry,MDA,4.1422539218333307e-07,VEN,2015
1568,IDN,Growing wheat industry,MDG,0.0,VEN,2015
1569,IDN,Growing maize industry,MDG,1.993397392721533e-05,VEN,2015
1570,IDN,Growing cereals n.e.c industry,MDG,0.0,VEN,2015
1571,IDN,Growing leguminous crops and oil seeds industry,MDG,3.566136501756894e-05,VEN,2015
1572,IDN,Growing rice industry,MDG,0.0,VEN,2015
1573,IDN,"Growing vegetables, roots, tubers industry",MDG,0.0,VEN,2015
1574,IDN,Growing sugar beet and cane industry,MDG,7.547479720286911e-09,VEN,2015
1575,IDN,Growing tobacco industry,MDG,0.0,VEN,2015
1576,IDN,Growing fibre crops industry,MDG,1.2057035911349877e-07,VEN,2015
1577,IDN,Growing crops n.e.c. industry,MDG,1.6584016681477342e-06,VEN,2015
1578,IDN,Growing grapes industry,MDG,0.0,VEN,2015
1579,IDN,Growing fruits and nuts industry,MDG,7.335473230484612e-08,VEN,2015
1580,IDN,"Growing beverage crops (coffee, tea etc) industry",MDG,4.0635830986049655e-08,VEN,2015
1581,IDN,"Growing spices, aromatic, drug and pharmaceutical crops industry",MDG,1.0416534430603294e-05,VEN,2015
1582,IDN,Seeds and plant propagation industry,MDG,0.0,VEN,2015
1583,IDN,Raising of cattle industry,MDG,9.341253312995442e-07,VEN,2015
1584,IDN,Growing wheat industry,MEX,0.0,VEN,2015
1585,IDN,Growing maize industry,MEX,0.005373133739215563,VEN,2015
1586,IDN,Growing cereals n.e.c industry,MEX,0.0,VEN,2015
1587,IDN,Growing leguminous crops and oil seeds industry,MEX,0.009038501661441415,VEN,2015
1588,IDN,Growing rice industry,MEX,0.0,VEN,2015
1589,IDN,"Growing vegetables, roots, tubers industry",MEX,0.0,VEN,2015
1590,IDN,Growing sugar beet and cane industry,MEX,2.5352625111669834e-06,VEN,2015
1591,IDN,Growing tobacco industry,MEX,0.0,VEN,2015
1592,IDN,Growing fibre crops industry,MEX,3.465221701437532e-05,VEN,2015
1593,IDN,Growing crops n.e.c. industry,MEX,0.0008842356080491119,VEN,2015
1594,IDN,Growing grapes industry,MEX,0.0,VEN,2015
1595,IDN,Growing fruits and nuts industry,MEX,1.9030882020520896e-05,VEN,2015
1596,IDN,"Growing beverage crops (coffee, tea etc) industry",MEX,8.729044621143849e-06,VEN,2015
1597,IDN,"Growing spices, aromatic, drug and pharmaceutical crops industry",MEX,0.0027728601751622183,VEN,2015
1598,IDN,Seeds and plant propagation industry,MEX,0.0,VEN,2015
1599,IDN,Raising of cattle industry,MEX,0.00023613311246570206,VEN,2015
1600,IDN,Growing wheat industry,MKD,0.0,VEN,2015
1601,IDN,Growing maize industry,MKD,5.091398669046273e-05,VEN,2015
1602,IDN,Growing cereals n.e.c industry,MKD,0.0,VEN,2015
1603,IDN,Growing leguminous crops and oil seeds industry,MKD,9.708126911959925e-05,VEN,2015
1604,IDN,Growing rice industry,MKD,0.0,VEN,2015
1605,IDN,"Growing vegetables, roots, tubers industry",MKD,0.0,VEN,2015
1606,IDN,Growing sugar beet and cane industry,MKD,2.5298189020077483e-08,VEN,2015
1607,IDN,Growing tobacco industry,MKD,0.0,VEN,2015
1608,IDN,Growing fibre crops industry,MKD,3.3077456045487423e-07,VEN,2015
1609,IDN,Growing crops n.e.c. industry,MKD,3.5225697232947826e-06,VEN,2015
1610,IDN,Growing grapes industry,MKD,0.0,VEN,2015
1611,IDN,Growing fruits and nuts industry,MKD,1.7062216057916958e-07,VEN,2015
1612,IDN,"Growing beverage crops (coffee, tea etc) industry",MKD,1.1034993912439862e-07,VEN,2015
1613,IDN,"Growing spices, aromatic, drug and pharmaceutical crops industry",MKD,2.8098862013887684e-05,VEN,2015
1614,IDN,Seeds and plant propagation industry,MKD,0.0,VEN,2015
1615,IDN,Raising of cattle industry,MKD,2.546322687445417e-06,VEN,2015
1616,IDN,Growing wheat industry,MLI,0.0,VEN,2015
1617,IDN,Growing maize industry,MLI,2.0800447768845674e-05,VEN,2015
1618,IDN,Growing cereals n.e.c industry,MLI,0.0,VEN,2015
1619,IDN,Growing leguminous crops and oil seeds industry,MLI,4.202615572981387e-05,VEN,2015
1620,IDN,Growing rice industry,MLI,0.0,VEN,2015
1621,IDN,"Growing vegetables, roots, tubers industry",MLI,0.0,VEN,2015
1622,IDN,Growing sugar beet and cane industry,MLI,8.361652356527128e-09,VEN,2015
1623,IDN,Growing tobacco industry,MLI,0.0,VEN,2015
1624,IDN,Growing fibre crops industry,MLI,1.377749953921761e-07,VEN,2015
1625,IDN,Growing crops n.e.c. industry,MLI,2.1055874615261006e-06,VEN,2015
1626,IDN,Growing grapes industry,MLI,0.0,VEN,2015
1627,IDN,Growing fruits and nuts industry,MLI,8.247311016000254e-08,VEN,2015
1628,IDN,"Growing beverage crops (coffee, tea etc) industry",MLI,3.908071754798148e-08,VEN,2015
1629,IDN,"Growing spices, aromatic, drug and pharmaceutical crops industry",MLI,1.4366930981559232e-05,VEN,2015
1630,IDN,Seeds and plant propagation industry,MLI,0.0,VEN,2015
1631,IDN,Raising of cattle industry,MLI,9.241160708215912e-07,VEN,2015
1632,IDN,Growing wheat industry,MLT,0.0,VEN,2015
1633,IDN,Growing maize industry,MLT,1.51181273950313e-05,VEN,2015
1634,IDN,Growing cereals n.e.c industry,MLT,0.0,VEN,2015
1635,IDN,Growing leguminous crops and oil seeds industry,MLT,2.8764620413883822e-05,VEN,2015
1636,IDN,Growing rice industry,MLT,0.0,VEN,2015
1637,IDN,"Growing vegetables, roots, tubers industry",MLT,0.0,VEN,2015
1638,IDN,Growing sugar beet and cane industry,MLT,6.518889707005524e-09,VEN,2015
1639,IDN,Growing tobacco industry,MLT,0.0,VEN,2015
1640,IDN,Growing fibre crops industry,MLT,1.0660681806364895e-07,VEN,2015
1641,IDN,Growing crops n.e.c. industry,MLT,1.8132663580369442e-06,VEN,2015
1642,IDN,Growing grapes industry,MLT,0.0,VEN,2015
1643,IDN,Growing fruits and nuts industry,MLT,5.49807852600087e-08,VEN,2015
1644,IDN,"Growing beverage crops (coffee, tea etc) industry",MLT,3.235211381068534e-08,VEN,2015
1645,IDN,"Growing spices, aromatic, drug and pharmaceutical crops industry",MLT,9.937074406398123e-06,VEN,2015
1646,IDN,Seeds and plant propagation industry,MLT,0.0,VEN,2015
1647,IDN,Raising of cattle industry,MLT,7.345607066659577e-07,VEN,2015
1648,IDN,Growing wheat industry,MMR,0.0,VEN,2015
1649,IDN,Growing maize industry,MMR,0.00015983623790800287,VEN,2015
1650,IDN,Growing cereals n.e.c industry,MMR,0.0,VEN,2015
1651,IDN,Growing leguminous crops and oil seeds industry,MMR,0.00035946041919738446,VEN,2015
1652,IDN,Growing rice industry,MMR,0.0,VEN,2015
1653,IDN,"Growing vegetables, roots, tubers industry",MMR,0.0,VEN,2015
1654,IDN,Growing sugar beet and cane industry,MMR,8.60121415212317e-08,VEN,2015
1655,IDN,Growing tobacco industry,MMR,0.0,VEN,2015
1656,IDN,Growing fibre crops industry,MMR,8.636632059275462e-07,VEN,2015
1657,IDN,Growing crops n.e.c. industry,MMR,1.204769815727549e-05,VEN,2015
1658,IDN,Growing grapes industry,MMR,0.0,VEN,2015
1659,IDN,Growing fruits and nuts industry,MMR,7.402258088758227e-07,VEN,2015
1660,IDN,"Growing beverage crops (coffee, tea etc) industry",MMR,1.9676932506474494e-07,VEN,2015
1661,IDN,"Growing spices, aromatic, drug and pharmaceutical crops industry",MMR,0.00012064301722051973,VEN,2015
1662,IDN,Seeds and plant propagation industry,MMR,0.0,VEN,2015
1663,IDN,Raising of cattle industry,MMR,5.867497113145567e-06,VEN,2015
1664,IDN,Growing wheat industry,MNG,0.0,VEN,2015
1665,IDN,Growing maize industry,MNG,1.3288980505384852e-05,VEN,2015
1666,IDN,Growing cereals n.e.c industry,MNG,0.0,VEN,2015
1667,IDN,Growing leguminous crops and oil seeds industry,MNG,2.4578883885284894e-05,VEN,2015
1668,IDN,Growing rice industry,MNG,0.0,VEN,2015
1669,IDN,"Growing vegetables, roots, tubers industry",MNG,0.0,VEN,2015
1670,IDN,Growing sugar beet and cane industry,MNG,5.808562551523757e-09,VEN,2015
1671,IDN,Growing tobacco industry,MNG,0.0,VEN,2015
1672,IDN,Growing fibre crops industry,MNG,9.355376647804111e-08,VEN,2015
1673,IDN,Growing crops n.e.c. industry,MNG,1.713312551383974e-06,VEN,2015
1674,IDN,Growing grapes industry,MNG,0.0,VEN,2015
1675,IDN,Growing fruits and nuts industry,MNG,5.0429859751658864e-08,VEN,2015
1676,IDN,"Growing beverage crops (coffee, tea etc) industry",MNG,2.5938004180561188e-08,VEN,2015
1677,IDN,"Growing spices, aromatic, drug and pharmaceutical crops industry",MNG,8.016905015831249e-06,VEN,2015
1678,IDN,Seeds and plant propagation industry,MNG,0.0,VEN,2015
1679,IDN,Raising of cattle industry,MNG,6.191047241844171e-07,VEN,2015
1680,IDN,Growing wheat industry,MOZ,0.0,VEN,2015
1681,IDN,Growing maize industry,MOZ,2.1763660469573284e-05,VEN,2015
1682,IDN,Growing cereals n.e.c industry,MOZ,0.0,VEN,2015
1683,IDN,Growing leguminous crops and oil seeds industry,MOZ,4.2240957946721095e-05,VEN,2015
1684,IDN,Growing rice industry,MOZ,0.0,VEN,2015
1685,IDN,"Growing vegetables, roots, tubers industry",MOZ,0.0,VEN,2015
1686,IDN,Growing sugar beet and cane industry,MOZ,1.0741265514622221e-08,VEN,2015
1687,IDN,Growing tobacco industry,MOZ,0.0,VEN,2015
1688,IDN,Growing fibre crops industry,MOZ,1.5751825915197657e-07,VEN,2015
1689,IDN,Growing crops n.e.c. industry,MOZ,2.373804699339683e-06,VEN,2015
1690,IDN,Growing grapes industry,MOZ,0.0,VEN,2015
1691,IDN,Growing fruits and nuts industry,MOZ,8.195261730857104e-08,VEN,2015
1692,IDN,"Growing beverage crops (coffee, tea etc) industry",MOZ,4.385941917751725e-08,VEN,2015
1693,IDN,"Growing spices, aromatic, drug and pharmaceutical crops industry",MOZ,1.264991158339044e-05,VEN,2015
1694,IDN,Seeds and plant propagation industry,MOZ,0.0,VEN,2015
1695,IDN,Raising of cattle industry,MOZ,1.043766777864639e-06,VEN,2015
1696,IDN,Growing wheat industry,MRT,0.0,VEN,2015
1697,IDN,Growing maize industry,MRT,1.2839125913632177e-05,VEN,2015
1698,IDN,Growing cereals n.e.c industry,MRT,0.0,VEN,2015
1699,IDN,Growing leguminous crops and oil seeds industry,MRT,2.5038477435635792e-05,VEN,2015
1700,IDN,Growing rice industry,MRT,0.0,VEN,2015
1701,IDN,"Growing vegetables, roots, tubers industry",MRT,0.0,VEN,2015
1702,IDN,Growing sugar beet and cane industry,MRT,5.514539327973445e-09,VEN,2015
1703,IDN,Growing tobacco industry,MRT,0.0,VEN,2015
1704,IDN,Growing fibre crops industry,MRT,9.354486350817575e-08,VEN,2015
1705,IDN,Growing crops n.e.c. industry,MRT,1.5013855167741395e-06,VEN,2015
1706,IDN,Growing grapes industry,MRT,0.0,VEN,2015
1707,IDN,Growing fruits and nuts industry,MRT,4.6691589115379205e-08,VEN,2015
1708,IDN,"Growing beverage crops (coffee, tea etc) industry",MRT,2.710149168579109e-08,VEN,2015
1709,IDN,"Growing spices, aromatic, drug and pharmaceutical crops industry",MRT,8.077844875509464e-06,VEN,2015
1710,IDN,Seeds and plant propagation industry,MRT,0.0,VEN,2015
1711,IDN,Raising of cattle industry,MRT,6.282994845511524e-07,VEN,2015
1712,IDN,Growing wheat industry,MWI,0.0,VEN,2015
1713,IDN,Growing maize industry,MWI,3.6031014532194586e-06,VEN,2015
1714,IDN,Growing cereals n.e.c industry,MWI,0.0,VEN,2015
1715,IDN,Growing leguminous crops and oil seeds industry,MWI,7.94316296957978e-06,VEN,2015
1716,IDN,Growing rice industry,MWI,0.0,VEN,2015
1717,IDN,"Growing vegetables, roots, tubers industry",MWI,0.0,VEN,2015
1718,IDN,Growing sugar beet and cane industry,MWI,2.1377687960780122e-09,VEN,2015
1719,IDN,Growing tobacco industry,MWI,0.0,VEN,2015
1720,IDN,Growing fibre crops industry,MWI,2.788541942025037e-08,VEN,2015
1721,IDN,Growing crops n.e.c. industry,MWI,4.2217286551991887e-07,VEN,2015
1722,IDN,Growing grapes industry,MWI,0.0,VEN,2015
1723,IDN,Growing fruits and nuts industry,MWI,1.4759892752491757e-08,VEN,2015
1724,IDN,"Growing beverage crops (coffee, tea etc) industry",MWI,7.02806823437309e-09,VEN,2015
1725,IDN,"Growing spices, aromatic, drug and pharmaceutical crops industry",MWI,2.502553581163325e-06,VEN,2015
1726,IDN,Seeds and plant propagation industry,MWI,0.0,VEN,2015
1727,IDN,Raising of cattle industry,MWI,1.771708893358768e-07,VEN,2015
1728,IDN,Growing wheat industry,MYS,0.0,VEN,2015
1729,IDN,Growing maize industry,MYS,0.0009925216432986228,VEN,2015
1730,IDN,Growing cereals n.e.c industry,MYS,0.0,VEN,2015
1731,IDN,Growing leguminous crops and oil seeds industry,MYS,0.0016642832588819115,VEN,2015
1732,IDN,Growing rice industry,MYS,0.0,VEN,2015
1733,IDN,"Growing vegetables, roots, tubers industry",MYS,0.0,VEN,2015
1734,IDN,Growing sugar beet and cane industry,MYS,4.3375619979744527e-07,VEN,2015
1735,IDN,Growing tobacco industry,MYS,0.0,VEN,2015
1736,IDN,Growing fibre crops industry,MYS,6.0861717973188574e-06,VEN,2015
1737,IDN,Growing crops n.e.c. industry,MYS,0.00021232146407347967,VEN,2015
1738,IDN,Growing grapes industry,MYS,0.0,VEN,2015
1739,IDN,Growing fruits and nuts industry,MYS,3.480360357058379e-06,VEN,2015
1740,IDN,"Growing beverage crops (coffee, tea etc) industry",MYS,1.911495785989461e-06,VEN,2015
1741,IDN,"Growing spices, aromatic, drug and pharmaceutical crops industry",MYS,0.0004584597985678366,VEN,2015
1742,IDN,Seeds and plant propagation industry,MYS,0.0,VEN,2015
1743,IDN,Raising of cattle industry,MYS,4.785655738707554e-05,VEN,2015
1744,IDN,Growing wheat industry,NAM,0.0,VEN,2015
1745,IDN,Growing maize industry,NAM,1.4745264129622669e-05,VEN,2015
1746,IDN,Growing cereals n.e.c industry,NAM,0.0,VEN,2015
1747,IDN,Growing leguminous crops and oil seeds industry,NAM,2.8655416261298714e-05,VEN,2015
1748,IDN,Growing rice industry,NAM,0.0,VEN,2015
1749,IDN,"Growing vegetables, roots, tubers industry",NAM,0.0,VEN,2015
1750,IDN,Growing sugar beet and cane industry,NAM,6.1794217046353744e-09,VEN,2015
1751,IDN,Growing tobacco industry,NAM,0.0,VEN,2015
1752,IDN,Growing fibre crops industry,NAM,1.0784791353362831e-07,VEN,2015
1753,IDN,Growing crops n.e.c. industry,NAM,1.4796047626854757e-06,VEN,2015
1754,IDN,Growing grapes industry,NAM,0.0,VEN,2015
1755,IDN,Growing fruits and nuts industry,NAM,5.431785971117615e-08,VEN,2015
1756,IDN,"Growing beverage crops (coffee, tea etc) industry",NAM,3.138187622684033e-08,VEN,2015
1757,IDN,"Growing spices, aromatic, drug and pharmaceutical crops industry",NAM,8.310406085731326e-06,VEN,2015
1758,IDN,Seeds and plant propagation industry,NAM,0.0,VEN,2015
1759,IDN,Raising of cattle industry,NAM,7.377293633393202e-07,VEN,2015
1760,IDN,Growing wheat industry,NER,0.0,VEN,2015
1761,IDN,Growing maize industry,NER,1.7211030373072176e-05,VEN,2015
1762,IDN,Growing cereals n.e.c industry,NER,0.0,VEN,2015
1763,IDN,Growing leguminous crops and oil seeds industry,NER,3.508420378166849e-05,VEN,2015
1764,IDN,Growing rice industry,NER,0.0,VEN,2015
1765,IDN,"Growing vegetables, roots, tubers industry",NER,0.0,VEN,2015
1766,IDN,Growing sugar beet and cane industry,NER,7.008301420782953e-09,VEN,2015
1767,IDN,Growing tobacco industry,NER,0.0,VEN,2015
1768,IDN,Growing fibre crops industry,NER,1.1632545216863186e-07,VEN,2015
1769,IDN,Growing crops n.e.c. industry,NER,1.8078909685293396e-06,VEN,2015
1770,IDN,Growing grapes industry,NER,0.0,VEN,2015
1771,IDN,Growing fruits and nuts industry,NER,6.587395756084865e-08,VEN,2015
1772,IDN,"Growing beverage crops (coffee, tea etc) industry",NER,3.220480763439649e-08,VEN,2015
1773,IDN,"Growing spices, aromatic, drug and pharmaceutical crops industry",NER,1.2847569825720754e-05,VEN,2015
1774,IDN,Seeds and plant propagation industry,NER,0.0,VEN,2015
1775,IDN,Raising of cattle industry,NER,7.76898841649306e-07,VEN,2015
1776,IDN,Growing wheat industry,NGA,0.0,VEN,2015
1777,IDN,Growing maize industry,NGA,0.00034903645307203876,VEN,2015
1778,IDN,Growing cereals n.e.c industry,NGA,0.0,VEN,2015
1779,IDN,Growing leguminous crops and oil seeds industry,NGA,0.000852962094982029,VEN,2015
1780,IDN,Growing rice industry,NGA,0.0,VEN,2015
1781,IDN,"Growing vegetables, roots, tubers industry",NGA,0.0,VEN,2015
1782,IDN,Growing sugar beet and cane industry,NGA,1.5188599076781697e-07,VEN,2015
1783,IDN,Growing tobacco industry,NGA,0.0,VEN,2015
1784,IDN,Growing fibre crops industry,NGA,2.365541504986314e-06,VEN,2015
1785,IDN,Growing crops n.e.c. industry,NGA,3.4855778762506085e-05,VEN,2015
1786,IDN,Growing grapes industry,NGA,0.0,VEN,2015
1787,IDN,Growing fruits and nuts industry,NGA,1.47016414948484e-06,VEN,2015
1788,IDN,"Growing beverage crops (coffee, tea etc) industry",NGA,6.548956508618789e-07,VEN,2015
1789,IDN,"Growing spices, aromatic, drug and pharmaceutical crops industry",NGA,0.00032417780943397843,VEN,2015
1790,IDN,Seeds and plant propagation industry,NGA,0.0,VEN,2015
1791,IDN,Raising of cattle industry,NGA,1.567101974549328e-05,VEN,2015
1792,IDN,Growing wheat industry,NIC,0.0,VEN,2015
1793,IDN,Growing maize industry,NIC,0.00032820868812727627,VEN,2015
1794,IDN,Growing cereals n.e.c industry,NIC,0.0,VEN,2015
1795,IDN,Growing leguminous crops and oil seeds industry,NIC,0.0005121319551850664,VEN,2015
1796,IDN,Growing rice industry,NIC,0.0,VEN,2015
1797,IDN,"Growing vegetables, roots, tubers industry",NIC,0.0,VEN,2015
1798,IDN,Growing sugar beet and cane industry,NIC,1.582764119026367e-07,VEN,2015
1799,IDN,Growing tobacco industry,NIC,0.0,VEN,2015
1800,IDN,Growing fibre crops industry,NIC,1.979450429865601e-06,VEN,2015
1801,IDN,Growing crops n.e.c. industry,NIC,2.3324037075828985e-05,VEN,2015
1802,IDN,Growing grapes industry,NIC,0.0,VEN,2015
1803,IDN,Growing fruits and nuts industry,NIC,1.009385384244757e-06,VEN,2015
1804,IDN,"Growing beverage crops (coffee, tea etc) industry",NIC,6.262114474061542e-07,VEN,2015
1805,IDN,"Growing spices, aromatic, drug and pharmaceutical crops industry",NIC,0.00012057171608955051,VEN,2015
1806,IDN,Seeds and plant propagation industry,NIC,0.0,VEN,2015
1807,IDN,Raising of cattle industry,NIC,1.5463857548407035e-05,VEN,2015
1808,IDN,Growing wheat industry,NLD,0.0,VEN,2015
1809,IDN,Growing maize industry,NLD,0.0040346853318751355,VEN,2015
1810,IDN,Growing cereals n.e.c industry,NLD,0.0,VEN,2015
1811,IDN,Growing leguminous crops and oil seeds industry,NLD,0.006544557154561046,VEN,2015
1812,IDN,Growing rice industry,NLD,0.0,VEN,2015
1813,IDN,"Growing vegetables, roots, tubers industry",NLD,0.0,VEN,2015
1814,IDN,Growing sugar beet and cane industry,NLD,1.8742916877470267e-06,VEN,2015
1815,IDN,Growing tobacco industry,NLD,0.0,VEN,2015
1816,IDN,Growing fibre crops industry,NLD,3.5243619246503557e-05,VEN,2015
1817,IDN,Growing crops n.e.c. industry,NLD,0.0006031924263109326,VEN,2015
1818,IDN,Growing grapes industry,NLD,0.0,VEN,2015
1819,IDN,Growing fruits and nuts industry,NLD,1.4928952818821979e-05,VEN,2015
1820,IDN,"Growing beverage crops (coffee, tea etc) industry",NLD,1.8200073232186684e-05,VEN,2015
1821,IDN,"Growing spices, aromatic, drug and pharmaceutical crops industry",NLD,0.0015977246469739742,VEN,2015
1822,IDN,Seeds and plant propagation industry,NLD,0.0,VEN,2015
1823,IDN,Raising of cattle industry,NLD,0.000221887435545771,VEN,2015
1824,IDN,Growing wheat industry,NOR,0.0,VEN,2015
1825,IDN,Growing maize industry,NOR,0.0004756651588457497,VEN,2015
1826,IDN,Growing cereals n.e.c industry,NOR,0.0,VEN,2015
1827,IDN,Growing leguminous crops and oil seeds industry,NOR,0.0009044976312782737,VEN,2015
1828,IDN,Growing rice industry,NOR,0.0,VEN,2015
1829,IDN,"Growing vegetables, roots, tubers industry",NOR,0.0,VEN,2015
1830,IDN,Growing sugar beet and cane industry,NOR,2.1518460558544847e-07,VEN,2015
1831,IDN,Growing tobacco industry,NOR,0.0,VEN,2015
1832,IDN,Growing fibre crops industry,NOR,3.764420862894033e-06,VEN,2015
1833,IDN,Growing crops n.e.c. industry,NOR,6.080044445426695e-05,VEN,2015
1834,IDN,Growing grapes industry,NOR,0.0,VEN,2015
1835,IDN,Growing fruits and nuts industry,NOR,1.710294081740517e-06,VEN,2015
1836,IDN,"Growing beverage crops (coffee, tea etc) industry",NOR,9.63341903839061e-07,VEN,2015
1837,IDN,"Growing spices, aromatic, drug and pharmaceutical crops industry",NOR,0.00032862661373265014,VEN,2015
1838,IDN,Seeds and plant propagation industry,NOR,0.0,VEN,2015
1839,IDN,Raising of cattle industry,NOR,2.409982825863746e-05,VEN,2015
1840,IDN,Growing wheat industry,NPL,0.0,VEN,2015
1841,IDN,Growing maize industry,NPL,3.244655575582585e-05,VEN,2015
1842,IDN,Growing cereals n.e.c industry,NPL,0.0,VEN,2015
1843,IDN,Growing leguminous crops and oil seeds industry,NPL,8.46394788362193e-05,VEN,2015
1844,IDN,Growing rice industry,NPL,0.0,VEN,2015
1845,IDN,"Growing vegetables, roots, tubers industry",NPL,0.0,VEN,2015
1846,IDN,Growing sugar beet and cane industry,NPL,1.3640487641937996e-08,VEN,2015
1847,IDN,Growing tobacco industry,NPL,0.0,VEN,2015
1848,IDN,Growing fibre crops industry,NPL,2.3299354553443813e-07,VEN,2015
1849,IDN,Growing crops n.e.c. industry,NPL,4.109392408827263e-06,VEN,2015
1850,IDN,Growing grapes industry,NPL,0.0,VEN,2015
1851,IDN,Growing fruits and nuts industry,NPL,1.3229811741356795e-07,VEN,2015
1852,IDN,"Growing beverage crops (coffee, tea etc) industry",NPL,6.657459132554366e-08,VEN,2015
1853,IDN,"Growing spices, aromatic, drug and pharmaceutical crops industry",NPL,2.309314362341643e-05,VEN,2015
1854,IDN,Seeds and plant propagation industry,NPL,0.0,VEN,2015
1855,IDN,Raising of cattle industry,NPL,1.7150333193360992e-06,VEN,2015
1856,IDN,Growing wheat industry,NZL,0.0,VEN,2015
1857,IDN,Growing maize industry,NZL,0.00023664880172426616,VEN,2015
1858,IDN,Growing cereals n.e.c industry,NZL,0.0,VEN,2015
1859,IDN,Growing leguminous crops and oil seeds industry,NZL,0.0003630583175179153,VEN,2015
1860,IDN,Growing rice industry,NZL,0.0,VEN,2015
1861,IDN,"Growing vegetables, roots, tubers industry",NZL,0.0,VEN,2015
1862,IDN,Growing sugar beet and cane industry,NZL,1.2827615936108038e-07,VEN,2015
1863,IDN,Growing tobacco industry,NZL,0.0,VEN,2015
1864,IDN,Growing fibre crops industry,NZL,2.467495373370536e-06,VEN,2015
1865,IDN,Growing crops n.e.c. industry,NZL,3.085592750069148e-05,VEN,2015
1866,IDN,Growing grapes industry,NZL,0.0,VEN,2015
1867,IDN,Growing fruits and nuts industry,NZL,8.894138302839498e-07,VEN,2015
1868,IDN,"Growing beverage crops (coffee, tea etc) industry",NZL,5.454404337398178e-07,VEN,2015
1869,IDN,"Growing spices, aromatic, drug and pharmaceutical crops industry",NZL,0.00014730522163959047,VEN,2015
1870,IDN,Seeds and plant propagation industry,NZL,0.0,VEN,2015
1871,IDN,Raising of cattle industry,NZL,1.1048664917345577e-05,VEN,2015
1872,IDN,Growing wheat industry,OMN,0.0,VEN,2015
1873,IDN,Growing maize industry,OMN,6.039092551988126e-05,VEN,2015
1874,IDN,Growing cereals n.e.c industry,OMN,0.0,VEN,2015
1875,IDN,Growing leguminous crops and oil seeds industry,OMN,0.0001222433842689386,VEN,2015
1876,IDN,Growing rice industry,OMN,0.0,VEN,2015
1877,IDN,"Growing vegetables, roots, tubers industry",OMN,0.0,VEN,2015
1878,IDN,Growing sugar beet and cane industry,OMN,2.6086013514540772e-08,VEN,2015
1879,IDN,Growing tobacco industry,OMN,0.0,VEN,2015
1880,IDN,Growing fibre crops industry,OMN,4.2259903097312075e-07,VEN,2015
1881,IDN,Growing crops n.e.c. industry,OMN,7.354429780239865e-06,VEN,2015
1882,IDN,Growing grapes industry,OMN,0.0,VEN,2015
1883,IDN,Growing fruits and nuts industry,OMN,2.3456297970361527e-07,VEN,2015
1884,IDN,"Growing beverage crops (coffee, tea etc) industry",OMN,1.1891647003502381e-07,VEN,2015
1885,IDN,"Growing spices, aromatic, drug and pharmaceutical crops industry",OMN,3.67990339246188e-05,VEN,2015
1886,IDN,Seeds and plant propagation industry,OMN,0.0,VEN,2015
1887,IDN,Raising of cattle industry,OMN,2.827648907423097e-06,VEN,2015
1888,IDN,Growing wheat industry,PAK,0.0,VEN,2015
1889,IDN,Growing maize industry,PAK,0.00014984677139370537,VEN,2015
1890,IDN,Growing cereals n.e.c industry,PAK,0.0,VEN,2015
1891,IDN,Growing leguminous crops and oil seeds industry,PAK,0.00028205646667941976,VEN,2015
1892,IDN,Growing rice industry,PAK,0.0,VEN,2015
1893,IDN,"Growing vegetables, roots, tubers industry",PAK,0.0,VEN,2015
1894,IDN,Growing sugar beet and cane industry,PAK,8.02213008409039e-08,VEN,2015
1895,IDN,Growing tobacco industry,PAK,0.0,VEN,2015
1896,IDN,Growing fibre crops industry,PAK,1.0025496048525415e-06,VEN,2015
1897,IDN,Growing crops n.e.c. industry,PAK,1.6930394309368474e-05,VEN,2015
1898,IDN,Growing grapes industry,PAK,0.0,VEN,2015
1899,IDN,Growing fruits and nuts industry,PAK,6.617590618147477e-07,VEN,2015
1900,IDN,"Growing beverage crops (coffee, tea etc) industry",PAK,2.420725142847768e-07,VEN,2015
1901,IDN,"Growing spices, aromatic, drug and pharmaceutical crops industry",PAK,9.810618152297829e-05,VEN,2015
1902,IDN,Seeds and plant propagation industry,PAK,0.0,VEN,2015
1903,IDN,Raising of cattle industry,PAK,6.448412564288195e-06,VEN,2015
1904,IDN,Growing wheat industry,PSE,0.0,VEN,2015
1905,IDN,Growing maize industry,PSE,9.166069955172919e-06,VEN,2015
1906,IDN,Growing cereals n.e.c industry,PSE,0.0,VEN,2015
1907,IDN,Growing leguminous crops and oil seeds industry,PSE,1.883500272537426e-05,VEN,2015
1908,IDN,Growing rice industry,PSE,0.0,VEN,2015
1909,IDN,"Growing vegetables, roots, tubers industry",PSE,0.0,VEN,2015
1910,IDN,Growing sugar beet and cane industry,PSE,3.822954107769054e-09,VEN,2015
1911,IDN,Growing tobacco industry,PSE,0.0,VEN,2015
1912,IDN,Growing fibre crops industry,PSE,6.155387006425857e-08,VEN,2015
1913,IDN,Growing crops n.e.c. industry,PSE,1.0535976638373662e-06,VEN,2015
1914,IDN,Growing grapes industry,PSE,0.0,VEN,2015
1915,IDN,Growing fruits and nuts industry,PSE,3.627620943339195e-08,VEN,2015
1916,IDN,"Growing beverage crops (coffee, tea etc) industry",PSE,1.824269531625176e-08,VEN,2015
1917,IDN,"Growing spices, aromatic, drug and pharmaceutical crops industry",PSE,6.446583065585857e-06,VEN,2015
1918,IDN,Seeds and plant propagation industry,PSE,0.0,VEN,2015
1919,IDN,Raising of cattle industry,PSE,4.149230926795917e-07,VEN,2015
1920,IDN,Growing wheat industry,PAN,0.0,VEN,2015
1921,IDN,Growing maize industry,PAN,0.00024487523092439053,VEN,2015
1922,IDN,Growing cereals n.e.c industry,PAN,0.0,VEN,2015
1923,IDN,Growing leguminous crops and oil seeds industry,PAN,0.0003998806954886466,VEN,2015
1924,IDN,Growing rice industry,PAN,0.0,VEN,2015
1925,IDN,"Growing vegetables, roots, tubers industry",PAN,0.0,VEN,2015
1926,IDN,Growing sugar beet and cane industry,PAN,1.046839428200975e-07,VEN,2015
1927,IDN,Growing tobacco industry,PAN,0.0,VEN,2015
1928,IDN,Growing fibre crops industry,PAN,1.528462668485425e-06,VEN,2015
1929,IDN,Growing crops n.e.c. industry,PAN,3.193097337812841e-05,VEN,2015
1930,IDN,Growing grapes industry,PAN,0.0,VEN,2015
1931,IDN,Growing fruits and nuts industry,PAN,9.641990107134038e-07,VEN,2015
1932,IDN,"Growing beverage crops (coffee, tea etc) industry",PAN,4.828892069086219e-07,VEN,2015
1933,IDN,"Growing spices, aromatic, drug and pharmaceutical crops industry",PAN,0.0003524442504798405,VEN,2015
1934,IDN,Seeds and plant propagation industry,PAN,0.0,VEN,2015
1935,IDN,Raising of cattle industry,PAN,1.1509126426478227e-05,VEN,2015
1936,IDN,Growing wheat industry,PER,0.0,VEN,2015
1937,IDN,Growing maize industry,PER,0.001221644001420311,VEN,2015
1938,IDN,Growing cereals n.e.c industry,PER,0.0,VEN,2015
1939,IDN,Growing leguminous crops and oil seeds industry,PER,0.002725267474859851,VEN,2015
1940,IDN,Growing rice industry,PER,0.0,VEN,2015
1941,IDN,"Growing vegetables, roots, tubers industry",PER,0.0,VEN,2015
1942,IDN,Growing sugar beet and cane industry,PER,6.337198635771528e-07,VEN,2015
1943,IDN,Growing tobacco industry,PER,0.0,VEN,2015
1944,IDN,Growing fibre crops industry,PER,9.670929005481427e-06,VEN,2015
1945,IDN,Growing crops n.e.c. industry,PER,0.0001207954209460831,VEN,2015
1946,IDN,Growing grapes industry,PER,0.0,VEN,2015
1947,IDN,Growing fruits and nuts industry,PER,5.326211037474977e-06,VEN,2015
1948,IDN,"Growing beverage crops (coffee, tea etc) industry",PER,1.935748070131278e-06,VEN,2015
1949,IDN,"Growing spices, aromatic, drug and pharmaceutical crops industry",PER,0.0009467858399738955,VEN,2015
1950,IDN,Seeds and plant propagation industry,PER,0.0,VEN,2015
1951,IDN,Raising of cattle industry,PER,5.158312425436675e-05,VEN,2015
1952,IDN,Growing wheat industry,PHL,0.0,VEN,2015
1953,IDN,Growing maize industry,PHL,0.0003750087713536025,VEN,2015
1954,IDN,Growing cereals n.e.c industry,PHL,0.0,VEN,2015
1955,IDN,Growing leguminous crops and oil seeds industry,PHL,0.0007303659244010467,VEN,2015
1956,IDN,Growing rice industry,PHL,0.0,VEN,2015
1957,IDN,"Growing vegetables, roots, tubers industry",PHL,0.0,VEN,2015
1958,IDN,Growing sugar beet and cane industry,PHL,3.1342727720174164e-07,VEN,2015
1959,IDN,Growing tobacco industry,PHL,0.0,VEN,2015
1960,IDN,Growing fibre crops industry,PHL,3.299311438911137e-06,VEN,2015
1961,IDN,Growing crops n.e.c. industry,PHL,5.545088194399976e-05,VEN,2015
1962,IDN,Growing grapes industry,PHL,0.0,VEN,2015
1963,IDN,Growing fruits and nuts industry,PHL,1.27895745159921e-06,VEN,2015
1964,IDN,"Growing beverage crops (coffee, tea etc) industry",PHL,6.838228038910178e-07,VEN,2015
1965,IDN,"Growing spices, aromatic, drug and pharmaceutical crops industry",PHL,0.0002560716842427963,VEN,2015
1966,IDN,Seeds and plant propagation industry,PHL,0.0,VEN,2015
1967,IDN,Raising of cattle industry,PHL,1.9873649757204293e-05,VEN,2015
1968,IDN,Growing wheat industry,PNG,0.0,VEN,2015
1969,IDN,Growing maize industry,PNG,2.1713176847357685e-05,VEN,2015
1970,IDN,Growing cereals n.e.c industry,PNG,0.0,VEN,2015
1971,IDN,Growing leguminous crops and oil seeds industry,PNG,4.064258291975794e-05,VEN,2015
1972,IDN,Growing rice industry,PNG,0.0,VEN,2015
1973,IDN,"Growing vegetables, roots, tubers industry",PNG,0.0,VEN,2015
1974,IDN,Growing sugar beet and cane industry,PNG,9.714048098344839e-09,VEN,2015
1975,IDN,Growing tobacco industry,PNG,0.0,VEN,2015
1976,IDN,Growing fibre crops industry,PNG,1.5100405675178717e-07,VEN,2015
1977,IDN,Growing crops n.e.c. industry,PNG,2.5811665879787677e-06,VEN,2015
1978,IDN,Growing grapes industry,PNG,0.0,VEN,2015
1979,IDN,Growing fruits and nuts industry,PNG,7.945921481698155e-08,VEN,2015
1980,IDN,"Growing beverage crops (coffee, tea etc) industry",PNG,4.2629461694142404e-08,VEN,2015
1981,IDN,"Growing spices, aromatic, drug and pharmaceutical crops industry",PNG,1.3296614451540134e-05,VEN,2015
1982,IDN,Seeds and plant propagation industry,PNG,0.0,VEN,2015
1983,IDN,Raising of cattle industry,PNG,1.0265701611934832e-06,VEN,2015
1984,IDN,Growing wheat industry,POL,0.0,VEN,2015
1985,IDN,Growing maize industry,POL,0.0007949652978971139,VEN,2015
1986,IDN,Growing cereals n.e.c industry,POL,0.0,VEN,2015
1987,IDN,Growing leguminous crops and oil seeds industry,POL,0.002738978342082231,VEN,2015
1988,IDN,Growing rice industry,POL,0.0,VEN,2015
1989,IDN,"Growing vegetables, roots, tubers industry",POL,0.0,VEN,2015
1990,IDN,Growing sugar beet and cane industry,POL,3.250087787070582e-07,VEN,2015
1991,IDN,Growing tobacco industry,POL,0.0,VEN,2015
1992,IDN,Growing fibre crops industry,POL,4.5559140326186635e-06,VEN,2015
1993,IDN,Growing crops n.e.c. industry,POL,7.725251147153622e-05,VEN,2015
1994,IDN,Growing grapes industry,POL,0.0,VEN,2015
1995,IDN,Growing fruits and nuts industry,POL,4.294668162852333e-06,VEN,2015
1996,IDN,"Growing beverage crops (coffee, tea etc) industry",POL,1.5004614735238395e-06,VEN,2015
1997,IDN,"Growing spices, aromatic, drug and pharmaceutical crops industry",POL,0.0011129680296620395,VEN,2015
1998,IDN,Seeds and plant propagation industry,POL,0.0,VEN,2015
1999,IDN,Raising of cattle industry,POL,3.503054365441875e-05,VEN,2015
2000,IDN,Growing wheat industry,PRK,0.0,VEN,2015
2001,IDN,Growing maize industry,PRK,9.211758478662664e-06,VEN,2015
2002,IDN,Growing cereals n.e.c industry,PRK,0.0,VEN,2015
2003,IDN,Growing leguminous crops and oil seeds industry,PRK,1.703486164791436e-05,VEN,2015
2004,IDN,Growing rice industry,PRK,0.0,VEN,2015
2005,IDN,"Growing vegetables, roots, tubers industry",PRK,0.0,VEN,2015
2006,IDN,Growing sugar beet and cane industry,PRK,3.7172614731741647e-09,VEN,2015
2007,IDN,Growing tobacco industry,PRK,0.0,VEN,2015
2008,IDN,Growing fibre crops industry,PRK,7.953558554249522e-08,VEN,2015
2009,IDN,Growing crops n.e.c. industry,PRK,1.1141734513804199e-06,VEN,2015
2010,IDN,Growing grapes industry,PRK,0.0,VEN,2015
2011,IDN,Growing fruits and nuts industry,PRK,5.9021099342556685e-08,VEN,2015
2012,IDN,"Growing beverage crops (coffee, tea etc) industry",PRK,1.9071350854031168e-08,VEN,2015
2013,IDN,"Growing spices, aromatic, drug and pharmaceutical crops industry",PRK,8.339489007117715e-06,VEN,2015
2014,IDN,Seeds and plant propagation industry,PRK,0.0,VEN,2015
2015,IDN,Raising of cattle industry,PRK,4.2687045786689404e-07,VEN,2015
2016,IDN,Growing wheat industry,PRT,0.0,VEN,2015
2017,IDN,Growing maize industry,PRT,0.000635695470837653,VEN,2015
2018,IDN,Growing cereals n.e.c industry,PRT,0.0,VEN,2015
2019,IDN,Growing leguminous crops and oil seeds industry,PRT,0.0009683802411311438,VEN,2015
2020,IDN,Growing rice industry,PRT,0.0,VEN,2015
2021,IDN,"Growing vegetables, roots, tubers industry",PRT,0.0,VEN,2015
2022,IDN,Growing sugar beet and cane industry,PRT,3.238827659613605e-07,VEN,2015
2023,IDN,Growing tobacco industry,PRT,0.0,VEN,2015
2024,IDN,Growing fibre crops industry,PRT,7.437366021390154e-06,VEN,2015
2025,IDN,Growing crops n.e.c. industry,PRT,9.008709782650222e-05,VEN,2015
2026,IDN,Growing grapes industry,PRT,0.0,VEN,2015
2027,IDN,Growing fruits and nuts industry,PRT,2.6091757765439673e-06,VEN,2015
2028,IDN,"Growing beverage crops (coffee, tea etc) industry",PRT,1.9002214142986342e-06,VEN,2015
2029,IDN,"Growing spices, aromatic, drug and pharmaceutical crops industry",PRT,0.0002921671720595732,VEN,2015
2030,IDN,Seeds and plant propagation industry,PRT,0.0,VEN,2015
2031,IDN,Raising of cattle industry,PRT,3.491807275608429e-05,VEN,2015
2032,IDN,Growing wheat industry,PRY,0.0,VEN,2015
2033,IDN,Growing maize industry,PRY,0.00020509492655108286,VEN,2015
2034,IDN,Growing cereals n.e.c industry,PRY,0.0,VEN,2015
2035,IDN,Growing leguminous crops and oil seeds industry,PRY,0.0003463656193183916,VEN,2015
2036,IDN,Growing rice industry,PRY,0.0,VEN,2015
2037,IDN,"Growing vegetables, roots, tubers industry",PRY,0.0,VEN,2015
2038,IDN,Growing sugar beet and cane industry,PRY,1.3359862190024309e-07,VEN,2015
2039,IDN,Growing tobacco industry,PRY,0.0,VEN,2015
2040,IDN,Growing fibre crops industry,PRY,1.6250164235711563e-06,VEN,2015
2041,IDN,Growing crops n.e.c. industry,PRY,1.537585466060445e-05,VEN,2015
2042,IDN,Growing grapes industry,PRY,0.0,VEN,2015
2043,IDN,Growing fruits and nuts industry,PRY,6.894806170605255e-07,VEN,2015
2044,IDN,"Growing beverage crops (coffee, tea etc) industry",PRY,4.086508372532338e-07,VEN,2015
2045,IDN,"Growing spices, aromatic, drug and pharmaceutical crops industry",PRY,9.133795045324875e-05,VEN,2015
2046,IDN,Seeds and plant propagation industry,PRY,0.0,VEN,2015
2047,IDN,Raising of cattle industry,PRY,1.0961663034328298e-05,VEN,2015
2048,IDN,Growing wheat industry,QAT,0.0,VEN,2015
2049,IDN,Growing maize industry,QAT,0.00023326682306509426,VEN,2015
2050,IDN,Growing cereals n.e.c industry,QAT,0.0,VEN,2015
2051,IDN,Growing leguminous crops and oil seeds industry,QAT,0.0004015740891783926,VEN,2015
2052,IDN,Growing rice industry,QAT,0.0,VEN,2015
2053,IDN,"Growing vegetables, roots, tubers industry",QAT,0.0,VEN,2015
2054,IDN,Growing sugar beet and cane industry,QAT,9.237677675722259e-08,VEN,2015
2055,IDN,Growing tobacco industry,QAT,0.0,VEN,2015
2056,IDN,Growing fibre crops industry,QAT,1.4727078289741263e-06,VEN,2015
2057,IDN,Growing crops n.e.c. industry,QAT,2.585863885635646e-05,VEN,2015
2058,IDN,Growing grapes industry,QAT,0.0,VEN,2015
2059,IDN,Growing fruits and nuts industry,QAT,8.68027378549782e-07,VEN,2015
2060,IDN,"Growing beverage crops (coffee, tea etc) industry",QAT,4.3179941101870807e-07,VEN,2015
2061,IDN,"Growing spices, aromatic, drug and pharmaceutical crops industry",QAT,9.868046068413511e-05,VEN,2015
2062,IDN,Seeds and plant propagation industry,QAT,0.0,VEN,2015
2063,IDN,Raising of cattle industry,QAT,1.0070098312693724e-05,VEN,2015
2064,IDN,Growing wheat industry,ROU,0.0,VEN,2015
2065,IDN,Growing maize industry,ROU,0.00015267161186414412,VEN,2015
2066,IDN,Growing cereals n.e.c industry,ROU,0.0,VEN,2015
2067,IDN,Growing leguminous crops and oil seeds industry,ROU,0.00031578455509105537,VEN,2015
2068,IDN,Growing rice industry,ROU,0.0,VEN,2015
2069,IDN,"Growing vegetables, roots, tubers industry",ROU,0.0,VEN,2015
2070,IDN,Growing sugar beet and cane industry,ROU,7.026858290393784e-08,VEN,2015
2071,IDN,Growing tobacco industry,ROU,0.0,VEN,2015
2072,IDN,Growing fibre crops industry,ROU,1.1417192336505226e-06,VEN,2015
2073,IDN,Growing crops n.e.c. industry,ROU,1.9721619661961723e-05,VEN,2015
2074,IDN,Growing grapes industry,ROU,0.0,VEN,2015
2075,IDN,Growing fruits and nuts industry,ROU,5.9788753894648e-07,VEN,2015
2076,IDN,"Growing beverage crops (coffee, tea etc) industry",ROU,4.0596645245660997e-07,VEN,2015
2077,IDN,"Growing spices, aromatic, drug and pharmaceutical crops industry",ROU,0.000105945698618659,VEN,2015
2078,IDN,Seeds and plant propagation industry,ROU,0.0,VEN,2015
2079,IDN,Raising of cattle industry,ROU,7.615946415368042e-06,VEN,2015
2080,IDN,Growing wheat industry,RUS,0.0,VEN,2015
2081,IDN,Growing maize industry,RUS,0.0012761260020808423,VEN,2015
2082,IDN,Growing cereals n.e.c industry,RUS,0.0,VEN,2015
2083,IDN,Growing leguminous crops and oil seeds industry,RUS,0.0025868596208074176,VEN,2015
2084,IDN,Growing rice industry,RUS,0.0,VEN,2015
2085,IDN,"Growing vegetables, roots, tubers industry",RUS,0.0,VEN,2015
2086,IDN,Growing sugar beet and cane industry,RUS,5.710164739561443e-07,VEN,2015
2087,IDN,Growing tobacco industry,RUS,0.0,VEN,2015
2088,IDN,Growing fibre crops industry,RUS,9.40445540561537e-06,VEN,2015
2089,IDN,Growing crops n.e.c. industry,RUS,0.00016103060261078923,VEN,2015
2090,IDN,Growing grapes industry,RUS,0.0,VEN,2015
2091,IDN,Growing fruits and nuts industry,RUS,4.901237041784339e-06,VEN,2015
2092,IDN,"Growing beverage crops (coffee, tea etc) industry",RUS,2.526709179185027e-06,VEN,2015
2093,IDN,"Growing spices, aromatic, drug and pharmaceutical crops industry",RUS,0.0009499438842010445,VEN,2015
2094,IDN,Seeds and plant propagation industry,RUS,0.0,VEN,2015
2095,IDN,Raising of cattle industry,RUS,6.0902720997678425e-05,VEN,2015
2096,IDN,Growing wheat industry,RWA,0.0,VEN,2015
2097,IDN,Growing maize industry,RWA,5.7233743128658245e-06,VEN,2015
2098,IDN,Growing cereals n.e.c industry,RWA,0.0,VEN,2015
2099,IDN,Growing leguminous crops and oil seeds industry,RWA,1.2860092312330447e-05,VEN,2015
2100,IDN,Growing rice industry,RWA,0.0,VEN,2015
2101,IDN,"Growing vegetables, roots, tubers industry",RWA,0.0,VEN,2015
2102,IDN,Growing sugar beet and cane industry,RWA,2.478330900164776e-09,VEN,2015
2103,IDN,Growing tobacco industry,RWA,0.0,VEN,2015
2104,IDN,Growing fibre crops industry,RWA,4.1380198195182035e-08,VEN,2015
2105,IDN,Growing crops n.e.c. industry,RWA,5.470458060207746e-07,VEN,2015
2106,IDN,Growing grapes industry,RWA,0.0,VEN,2015
2107,IDN,Growing fruits and nuts industry,RWA,2.3305293085328044e-08,VEN,2015
2108,IDN,"Growing beverage crops (coffee, tea etc) industry",RWA,1.1584863388179479e-08,VEN,2015
2109,IDN,"Growing spices, aromatic, drug and pharmaceutical crops industry",RWA,4.579532650973345e-06,VEN,2015
2110,IDN,Seeds and plant propagation industry,RWA,0.0,VEN,2015
2111,IDN,Raising of cattle industry,RWA,2.5801693575373553e-07,VEN,2015
2112,IDN,Growing wheat industry,SAU,0.0,VEN,2015
2113,IDN,Growing maize industry,SAU,0.0006189908931074257,VEN,2015
2114,IDN,Growing cereals n.e.c industry,SAU,0.0,VEN,2015
2115,IDN,Growing leguminous crops and oil seeds industry,SAU,0.0011732873394933335,VEN,2015
2116,IDN,Growing rice industry,SAU,0.0,VEN,2015
2117,IDN,"Growing vegetables, roots, tubers industry",SAU,0.0,VEN,2015
2118,IDN,Growing sugar beet and cane industry,SAU,2.731238604278807e-07,VEN,2015
2119,IDN,Growing tobacco industry,SAU,0.0,VEN,2015
2120,IDN,Growing fibre crops industry,SAU,4.404842057515842e-06,VEN,2015
2121,IDN,Growing crops n.e.c. industry,SAU,7.78892279557368e-05,VEN,2015
2122,IDN,Growing grapes industry,SAU,0.0,VEN,2015
2123,IDN,Growing fruits and nuts industry,SAU,2.3770195540161896e-06,VEN,2015
2124,IDN,"Growing beverage crops (coffee, tea etc) industry",SAU,1.2106405568682438e-06,VEN,2015
2125,IDN,"Growing spices, aromatic, drug and pharmaceutical crops industry",SAU,0.00038340207755100975,VEN,2015
2126,IDN,Seeds and plant propagation industry,SAU,0.0,VEN,2015
2127,IDN,Raising of cattle industry,SAU,2.934470447969778e-05,VEN,2015
2128,IDN,Growing wheat industry,SDS,0.0,VEN,2015
2129,IDN,Growing maize industry,SDS,8.921191623075744e-06,VEN,2015
2130,IDN,Growing cereals n.e.c industry,SDS,0.0,VEN,2015
2131,IDN,Growing leguminous crops and oil seeds industry,SDS,1.7468740483365078e-05,VEN,2015
2132,IDN,Growing rice industry,SDS,0.0,VEN,2015
2133,IDN,"Growing vegetables, roots, tubers industry",SDS,0.0,VEN,2015
2134,IDN,Growing sugar beet and cane industry,SDS,3.821077802462806e-09,VEN,2015
2135,IDN,Growing tobacco industry,SDS,0.0,VEN,2015
2136,IDN,Growing fibre crops industry,SDS,5.825838434550353e-08,VEN,2015
2137,IDN,Growing crops n.e.c. industry,SDS,1.1777447906596784e-06,VEN,2015
2138,IDN,Growing grapes industry,SDS,0.0,VEN,2015
2139,IDN,Growing fruits and nuts industry,SDS,3.2644550892860064e-08,VEN,2015
2140,IDN,"Growing beverage crops (coffee, tea etc) industry",SDS,1.6571020543258318e-08,VEN,2015
2141,IDN,"Growing spices, aromatic, drug and pharmaceutical crops industry",SDS,6.690947810727182e-06,VEN,2015
2142,IDN,Seeds and plant propagation industry,SDS,0.0,VEN,2015
2143,IDN,Raising of cattle industry,SDS,4.150945329030333e-07,VEN,2015
2144,IDN,Growing wheat industry,SEN,0.0,VEN,2015
2145,IDN,Growing maize industry,SEN,0.00020258645701369174,VEN,2015
2146,IDN,Growing cereals n.e.c industry,SEN,0.0,VEN,2015
2147,IDN,Growing leguminous crops and oil seeds industry,SEN,0.00038627836800478706,VEN,2015
2148,IDN,Growing rice industry,SEN,0.0,VEN,2015
2149,IDN,"Growing vegetables, roots, tubers industry",SEN,0.0,VEN,2015
2150,IDN,Growing sugar beet and cane industry,SEN,7.673011126753858e-08,VEN,2015
2151,IDN,Growing tobacco industry,SEN,0.0,VEN,2015
2152,IDN,Growing fibre crops industry,SEN,1.2181529368476432e-06,VEN,2015
2153,IDN,Growing crops n.e.c. industry,SEN,1.6880081033594244e-05,VEN,2015
2154,IDN,Growing grapes industry,SEN,0.0,VEN,2015
2155,IDN,Growing fruits and nuts industry,SEN,6.682062923075681e-07,VEN,2015
2156,IDN,"Growing beverage crops (coffee, tea etc) industry",SEN,4.9599601164868e-07,VEN,2015
2157,IDN,"Growing spices, aromatic, drug and pharmaceutical crops industry",SEN,8.278575224206467e-05,VEN,2015
2158,IDN,Seeds and plant propagation industry,SEN,0.0,VEN,2015
2159,IDN,Raising of cattle industry,SEN,8.557925762882687e-06,VEN,2015
2160,IDN,Growing wheat industry,SGP,0.0,VEN,2015
2161,IDN,Growing maize industry,SGP,0.0009731150548719886,VEN,2015
2162,IDN,Growing cereals n.e.c industry,SGP,0.0,VEN,2015
2163,IDN,Growing leguminous crops and oil seeds industry,SGP,0.0017685695162409647,VEN,2015
2164,IDN,Growing rice industry,SGP,0.0,VEN,2015
2165,IDN,"Growing vegetables, roots, tubers industry",SGP,0.0,VEN,2015
2166,IDN,Growing sugar beet and cane industry,SGP,4.300321198982665e-07,VEN,2015
2167,IDN,Growing tobacco industry,SGP,0.0,VEN,2015
2168,IDN,Growing fibre crops industry,SGP,6.033785041400748e-06,VEN,2015
2169,IDN,Growing crops n.e.c. industry,SGP,0.00020185110094305103,VEN,2015
2170,IDN,Growing grapes industry,SGP,0.0,VEN,2015
2171,IDN,Growing fruits and nuts industry,SGP,3.390957503954034e-06,VEN,2015
2172,IDN,"Growing beverage crops (coffee, tea etc) industry",SGP,1.956861165491121e-06,VEN,2015
2173,IDN,"Growing spices, aromatic, drug and pharmaceutical crops industry",SGP,0.0005962890340917354,VEN,2015
2174,IDN,Seeds and plant propagation industry,SGP,0.0,VEN,2015
2175,IDN,Raising of cattle industry,SGP,4.848373569403993e-05,VEN,2015
2176,IDN,Growing wheat industry,SLE,0.0,VEN,2015
2177,IDN,Growing maize industry,SLE,5.571813943306255e-06,VEN,2015
2178,IDN,Growing cereals n.e.c industry,SLE,0.0,VEN,2015
2179,IDN,Growing leguminous crops and oil seeds industry,SLE,1.2644139160105461e-05,VEN,2015
2180,IDN,Growing rice industry,SLE,0.0,VEN,2015
2181,IDN,"Growing vegetables, roots, tubers industry",SLE,0.0,VEN,2015
2182,IDN,Growing sugar beet and cane industry,SLE,2.402284904600931e-09,VEN,2015
2183,IDN,Growing tobacco industry,SLE,0.0,VEN,2015
2184,IDN,Growing fibre crops industry,SLE,3.829950703327717e-08,VEN,2015
2185,IDN,Growing crops n.e.c. industry,SLE,6.185104807281587e-07,VEN,2015
2186,IDN,Growing grapes industry,SLE,0.0,VEN,2015
2187,IDN,Growing fruits and nuts industry,SLE,2.271186686258547e-08,VEN,2015
2188,IDN,"Growing beverage crops (coffee, tea etc) industry",SLE,1.0907566678659195e-08,VEN,2015
2189,IDN,"Growing spices, aromatic, drug and pharmaceutical crops industry",SLE,4.639077652382706e-06,VEN,2015
2190,IDN,Seeds and plant propagation industry,SLE,0.0,VEN,2015
2191,IDN,Raising of cattle industry,SLE,2.5524007925056915e-07,VEN,2015
2192,IDN,Growing wheat industry,SLV,0.0,VEN,2015
2193,IDN,Growing maize industry,SLV,0.0006640853032986008,VEN,2015
2194,IDN,Growing cereals n.e.c industry,SLV,0.0,VEN,2015
2195,IDN,Growing leguminous crops and oil seeds industry,SLV,0.001298633488613657,VEN,2015
2196,IDN,Growing rice industry,SLV,0.0,VEN,2015
2197,IDN,"Growing vegetables, roots, tubers industry",SLV,0.0,VEN,2015
2198,IDN,Growing sugar beet and cane industry,SLV,2.9368153540868114e-07,VEN,2015
2199,IDN,Growing tobacco industry,SLV,0.0,VEN,2015
2200,IDN,Growing fibre crops industry,SLV,3.6806150531742836e-06,VEN,2015
2201,IDN,Growing crops n.e.c. industry,SLV,4.4309442471227456e-05,VEN,2015
2202,IDN,Growing grapes industry,SLV,0.0,VEN,2015
2203,IDN,Growing fruits and nuts industry,SLV,2.7161241018094304e-06,VEN,2015
2204,IDN,"Growing beverage crops (coffee, tea etc) industry",SLV,1.0630037962511182e-06,VEN,2015
2205,IDN,"Growing spices, aromatic, drug and pharmaceutical crops industry",SLV,0.0003845703285563257,VEN,2015
2206,IDN,Seeds and plant propagation industry,SLV,0.0,VEN,2015
2207,IDN,Raising of cattle industry,SLV,2.6802400822950617e-05,VEN,2015
2208,IDN,Growing wheat industry,SOM,0.0,VEN,2015
2209,IDN,Growing maize industry,SOM,8.637252234116915e-06,VEN,2015
2210,IDN,Growing cereals n.e.c industry,SOM,0.0,VEN,2015
2211,IDN,Growing leguminous crops and oil seeds industry,SOM,2.774563149828184e-05,VEN,2015
2212,IDN,Growing rice industry,SOM,0.0,VEN,2015
2213,IDN,"Growing vegetables, roots, tubers industry",SOM,0.0,VEN,2015
2214,IDN,Growing sugar beet and cane industry,SOM,3.4554047604270415e-09,VEN,2015
2215,IDN,Growing tobacco industry,SOM,0.0,VEN,2015
2216,IDN,Growing fibre crops industry,SOM,5.390032612033277e-08,VEN,2015
2217,IDN,Growing crops n.e.c. industry,SOM,8.73401736608864e-07,VEN,2015
2218,IDN,Growing grapes industry,SOM,0.0,VEN,2015
2219,IDN,Growing fruits and nuts industry,SOM,4.361917735471788e-08,VEN,2015
2220,IDN,"Growing beverage crops (coffee, tea etc) industry",SOM,1.5954891667801538e-08,VEN,2015
2221,IDN,"Growing spices, aromatic, drug and pharmaceutical crops industry",SOM,1.0555765921489492e-05,VEN,2015
2222,IDN,Seeds and plant propagation industry,SOM,0.0,VEN,2015
2223,IDN,Raising of cattle industry,SOM,3.927632817661329e-07,VEN,2015
2224,IDN,Growing wheat industry,SRB,0.0,VEN,2015
2225,IDN,Growing maize industry,SRB,0.0004913082106667346,VEN,2015
2226,IDN,Growing cereals n.e.c industry,SRB,0.0,VEN,2015
2227,IDN,Growing leguminous crops and oil seeds industry,SRB,0.001192982061520713,VEN,2015
2228,IDN,Growing rice industry,SRB,0.0,VEN,2015
2229,IDN,"Growing vegetables, roots, tubers industry",SRB,0.0,VEN,2015
2230,IDN,Growing sugar beet and cane industry,SRB,2.467280150930897e-07,VEN,2015
2231,IDN,Growing tobacco industry,SRB,0.0,VEN,2015
2232,IDN,Growing fibre crops industry,SRB,3.6606829682650853e-06,VEN,2015
2233,IDN,Growing crops n.e.c. industry,SRB,5.7083032378047206e-05,VEN,2015
2234,IDN,Growing grapes industry,SRB,0.0,VEN,2015
2235,IDN,Growing fruits and nuts industry,SRB,1.997636511948678e-06,VEN,2015
2236,IDN,"Growing beverage crops (coffee, tea etc) industry",SRB,8.926327635720898e-07,VEN,2015
2237,IDN,"Growing spices, aromatic, drug and pharmaceutical crops industry",SRB,0.0005341516251568128,VEN,2015
2238,IDN,Seeds and plant propagation industry,SRB,0.0,VEN,2015
2239,IDN,Raising of cattle industry,SRB,2.2673493003007343e-05,VEN,2015
2240,IDN,Growing wheat industry,SDN,0.0,VEN,2015
2241,IDN,Growing maize industry,SDN,3.123732888056958e-05,VEN,2015
2242,IDN,Growing cereals n.e.c industry,SDN,0.0,VEN,2015
2243,IDN,Growing leguminous crops and oil seeds industry,SDN,5.670315493080263e-05,VEN,2015
2244,IDN,Growing rice industry,SDN,0.0,VEN,2015
2245,IDN,"Growing vegetables, roots, tubers industry",SDN,0.0,VEN,2015
2246,IDN,Growing sugar beet and cane industry,SDN,1.5666403869884525e-08,VEN,2015
2247,IDN,Growing tobacco industry,SDN,0.0,VEN,2015
2248,IDN,Growing fibre crops industry,SDN,2.068893377400419e-07,VEN,2015
2249,IDN,Growing crops n.e.c. industry,SDN,3.117529221540989e-06,VEN,2015
2250,IDN,Growing grapes industry,SDN,0.0,VEN,2015
2251,IDN,Growing fruits and nuts industry,SDN,1.307134673272691e-07,VEN,2015
2252,IDN,"Growing beverage crops (coffee, tea etc) industry",SDN,5.6818358610330134e-08,VEN,2015
2253,IDN,"Growing spices, aromatic, drug and pharmaceutical crops industry",SDN,1.618823718635961e-05,VEN,2015
2254,IDN,Seeds and plant propagation industry,SDN,0.0,VEN,2015
2255,IDN,Raising of cattle industry,SDN,1.352524043125838e-06,VEN,2015
2256,IDN,Growing wheat industry,SVK,0.0,VEN,2015
2257,IDN,Growing maize industry,SVK,9.668059642201898e-05,VEN,2015
2258,IDN,Growing cereals n.e.c industry,SVK,0.0,VEN,2015
2259,IDN,Growing leguminous crops and oil seeds industry,SVK,0.0001980301861205606,VEN,2015
2260,IDN,Growing rice industry,SVK,0.0,VEN,2015
2261,IDN,"Growing vegetables, roots, tubers industry",SVK,0.0,VEN,2015
2262,IDN,Growing sugar beet and cane industry,SVK,4.4776473025161086e-08,VEN,2015
2263,IDN,Growing tobacco industry,SVK,0.0,VEN,2015
2264,IDN,Growing fibre crops industry,SVK,7.207157931762536e-07,VEN,2015
2265,IDN,Growing crops n.e.c. industry,SVK,1.346327381316727e-05,VEN,2015
2266,IDN,Growing grapes industry,SVK,0.0,VEN,2015
2267,IDN,Growing fruits and nuts industry,SVK,3.7283043515114136e-07,VEN,2015
2268,IDN,"Growing beverage crops (coffee, tea etc) industry",SVK,2.1514730318592307e-07,VEN,2015
2269,IDN,"Growing spices, aromatic, drug and pharmaceutical crops industry",SVK,0.00011938336045193236,VEN,2015
2270,IDN,Seeds and plant propagation industry,SVK,0.0,VEN,2015
2271,IDN,Raising of cattle industry,SVK,4.929999711025155e-06,VEN,2015
2272,IDN,Growing wheat industry,SVN,0.0,VEN,2015
2273,IDN,Growing maize industry,SVN,9.464416695594128e-05,VEN,2015
2274,IDN,Growing cereals n.e.c industry,SVN,0.0,VEN,2015
2275,IDN,Growing leguminous crops and oil seeds industry,SVN,0.00020913941834168947,VEN,2015
2276,IDN,Growing rice industry,SVN,0.0,VEN,2015
2277,IDN,"Growing vegetables, roots, tubers industry",SVN,0.0,VEN,2015
2278,IDN,Growing sugar beet and cane industry,SVN,4.249474654066874e-08,VEN,2015
2279,IDN,Growing tobacco industry,SVN,0.0,VEN,2015
2280,IDN,Growing fibre crops industry,SVN,7.240445606250819e-07,VEN,2015
2281,IDN,Growing crops n.e.c. industry,SVN,9.458018151816752e-06,VEN,2015
2282,IDN,Growing grapes industry,SVN,0.0,VEN,2015
2283,IDN,Growing fruits and nuts industry,SVN,3.6664307627635053e-07,VEN,2015
2284,IDN,"Growing beverage crops (coffee, tea etc) industry",SVN,2.785817494567392e-07,VEN,2015
2285,IDN,"Growing spices, aromatic, drug and pharmaceutical crops industry",SVN,6.692934540868574e-05,VEN,2015
2286,IDN,Seeds and plant propagation industry,SVN,0.0,VEN,2015
2287,IDN,Raising of cattle industry,SVN,4.885945346177983e-06,VEN,2015
2288,IDN,Growing wheat industry,SWE,0.0,VEN,2015
2289,IDN,Growing maize industry,SWE,0.0007545362306829189,VEN,2015
2290,IDN,Growing cereals n.e.c industry,SWE,0.0,VEN,2015
2291,IDN,Growing leguminous crops and oil seeds industry,SWE,0.0016150015950564679,VEN,2015
2292,IDN,Growing rice industry,SWE,0.0,VEN,2015
2293,IDN,"Growing vegetables, roots, tubers industry",SWE,0.0,VEN,2015
2294,IDN,Growing sugar beet and cane industry,SWE,3.52796141570463e-07,VEN,2015
2295,IDN,Growing tobacco industry,SWE,0.0,VEN,2015
2296,IDN,Growing fibre crops industry,SWE,5.872301032649702e-06,VEN,2015
2297,IDN,Growing crops n.e.c. industry,SWE,0.00010471275119958254,VEN,2015
2298,IDN,Growing grapes industry,SWE,0.0,VEN,2015
2299,IDN,Growing fruits and nuts industry,SWE,2.8929402468467157e-06,VEN,2015
2300,IDN,"Growing beverage crops (coffee, tea etc) industry",SWE,1.7351036958734192e-06,VEN,2015
2301,IDN,"Growing spices, aromatic, drug and pharmaceutical crops industry",SWE,0.0005382927360102441,VEN,2015
2302,IDN,Seeds and plant propagation industry,SWE,0.0,VEN,2015
2303,IDN,Raising of cattle industry,SWE,3.936905883947209e-05,VEN,2015
2304,IDN,Growing wheat industry,SYR,0.0,VEN,2015
2305,IDN,Growing maize industry,SYR,2.7672366326491323e-05,VEN,2015
2306,IDN,Growing cereals n.e.c industry,SYR,0.0,VEN,2015
2307,IDN,Growing leguminous crops and oil seeds industry,SYR,5.723280169471767e-05,VEN,2015
2308,IDN,Growing rice industry,SYR,0.0,VEN,2015
2309,IDN,"Growing vegetables, roots, tubers industry",SYR,0.0,VEN,2015
2310,IDN,Growing sugar beet and cane industry,SYR,1.2050818540008192e-08,VEN,2015
2311,IDN,Growing tobacco industry,SYR,0.0,VEN,2015
2312,IDN,Growing fibre crops industry,SYR,1.9942146357782235e-07,VEN,2015
2313,IDN,Growing crops n.e.c. industry,SYR,3.1702756099284115e-06,VEN,2015
2314,IDN,Growing grapes industry,SYR,0.0,VEN,2015
2315,IDN,Growing fruits and nuts industry,SYR,1.0900214097852484e-07,VEN,2015
2316,IDN,"Growing beverage crops (coffee, tea etc) industry",SYR,5.8230824353228625e-08,VEN,2015
2317,IDN,"Growing spices, aromatic, drug and pharmaceutical crops industry",SYR,1.817675327914798e-05,VEN,2015
2318,IDN,Seeds and plant propagation industry,SYR,0.0,VEN,2015
2319,IDN,Raising of cattle industry,SYR,1.2875514969470228e-06,VEN,2015
2320,IDN,Growing wheat industry,TCD,0.0,VEN,2015
2321,IDN,Growing maize industry,TCD,1.0588624206500237e-05,VEN,2015
2322,IDN,Growing cereals n.e.c industry,TCD,0.0,VEN,2015
2323,IDN,Growing leguminous crops and oil seeds industry,TCD,2.3667220799941392e-05,VEN,2015
2324,IDN,Growing rice industry,TCD,0.0,VEN,2015
2325,IDN,"Growing vegetables, roots, tubers industry",TCD,0.0,VEN,2015
2326,IDN,Growing sugar beet and cane industry,TCD,4.31825140280247e-09,VEN,2015
2327,IDN,Growing tobacco industry,TCD,0.0,VEN,2015
2328,IDN,Growing fibre crops industry,TCD,7.107460318810342e-08,VEN,2015
2329,IDN,Growing crops n.e.c. industry,TCD,1.1278388402250125e-06,VEN,2015
2330,IDN,Growing grapes industry,TCD,0.0,VEN,2015
2331,IDN,Growing fruits and nuts industry,TCD,4.34372402701436e-08,VEN,2015
2332,IDN,"Growing beverage crops (coffee, tea etc) industry",TCD,2.1586762056623878e-08,VEN,2015
2333,IDN,"Growing spices, aromatic, drug and pharmaceutical crops industry",TCD,8.741813646664805e-06,VEN,2015
2334,IDN,Seeds and plant propagation industry,TCD,0.0,VEN,2015
2335,IDN,Raising of cattle industry,TCD,4.926411263530671e-07,VEN,2015
2336,IDN,Growing wheat industry,TGO,0.0,VEN,2015
2337,IDN,Growing maize industry,TGO,1.7241990192811395e-05,VEN,2015
2338,IDN,Growing cereals n.e.c industry,TGO,0.0,VEN,2015
2339,IDN,Growing leguminous crops and oil seeds industry,TGO,2.9556499991329223e-05,VEN,2015
2340,IDN,Growing rice industry,TGO,0.0,VEN,2015
2341,IDN,"Growing vegetables, roots, tubers industry",TGO,0.0,VEN,2015
2342,IDN,Growing sugar beet and cane industry,TGO,6.165920537069474e-09,VEN,2015
2343,IDN,Growing tobacco industry,TGO,0.0,VEN,2015
2344,IDN,Growing fibre crops industry,TGO,1.0063530383529352e-07,VEN,2015
2345,IDN,Growing crops n.e.c. industry,TGO,1.1268436930296256e-06,VEN,2015
2346,IDN,Growing grapes industry,TGO,0.0,VEN,2015
2347,IDN,Growing fruits and nuts industry,TGO,5.670654985996222e-08,VEN,2015
2348,IDN,"Growing beverage crops (coffee, tea etc) industry",TGO,3.7724483815959013e-08,VEN,2015
2349,IDN,"Growing spices, aromatic, drug and pharmaceutical crops industry",TGO,7.81804031812518e-06,VEN,2015
2350,IDN,Seeds and plant propagation industry,TGO,0.0,VEN,2015
2351,IDN,Raising of cattle industry,TGO,8.563256002487692e-07,VEN,2015
2352,IDN,Growing wheat industry,THA,0.0,VEN,2015
2353,IDN,Growing maize industry,THA,0.0011509651754991583,VEN,2015
2354,IDN,Growing cereals n.e.c industry,THA,0.0,VEN,2015
2355,IDN,Growing leguminous crops and oil seeds industry,THA,0.0022754653781825373,VEN,2015
2356,IDN,Growing rice industry,THA,0.0,VEN,2015
2357,IDN,"Growing vegetables, roots, tubers industry",THA,0.0,VEN,2015
2358,IDN,Growing sugar beet and cane industry,THA,1.1755226727959184e-06,VEN,2015
2359,IDN,Growing tobacco industry,THA,0.0,VEN,2015
2360,IDN,Growing fibre crops industry,THA,1.1806120890548713e-05,VEN,2015
2361,IDN,Growing crops n.e.c. industry,THA,0.00017467367782735848,VEN,2015
2362,IDN,Growing grapes industry,THA,0.0,VEN,2015
2363,IDN,Growing fruits and nuts industry,THA,3.963821931604587e-06,VEN,2015
2364,IDN,"Growing beverage crops (coffee, tea etc) industry",THA,1.895382045146292e-06,VEN,2015
2365,IDN,"Growing spices, aromatic, drug and pharmaceutical crops industry",THA,0.0007199970600817723,VEN,2015
2366,IDN,Seeds and plant propagation industry,THA,0.0,VEN,2015
2367,IDN,Raising of cattle industry,THA,6.237332853640832e-05,VEN,2015
2368,IDN,Growing wheat industry,TJK,0.0,VEN,2015
2369,IDN,Growing maize industry,TJK,6.53816132807666e-06,VEN,2015
2370,IDN,Growing cereals n.e.c industry,TJK,0.0,VEN,2015
2371,IDN,Growing leguminous crops and oil seeds industry,TJK,1.3456736582946543e-05,VEN,2015
2372,IDN,Growing rice industry,TJK,0.0,VEN,2015
2373,IDN,"Growing vegetables, roots, tubers industry",TJK,0.0,VEN,2015
2374,IDN,Growing sugar beet and cane industry,TJK,2.9173531180296015e-09,VEN,2015
2375,IDN,Growing tobacco industry,TJK,0.0,VEN,2015
2376,IDN,Growing fibre crops industry,TJK,4.651980857571459e-08,VEN,2015
2377,IDN,Growing crops n.e.c. industry,TJK,7.697511501776141e-07,VEN,2015
2378,IDN,Growing grapes industry,TJK,0.0,VEN,2015
2379,IDN,Growing fruits and nuts industry,TJK,2.570003571160226e-08,VEN,2015
2380,IDN,"Growing beverage crops (coffee, tea etc) industry",TJK,1.3729848197824704e-08,VEN,2015
2381,IDN,"Growing spices, aromatic, drug and pharmaceutical crops industry",TJK,4.657058775780941e-06,VEN,2015
2382,IDN,Seeds and plant propagation industry,TJK,0.0,VEN,2015
2383,IDN,Raising of cattle industry,TJK,3.044102194314138e-07,VEN,2015
2384,IDN,Growing wheat industry,TKM,0.0,VEN,2015
2385,IDN,Growing maize industry,TKM,1.0537846363706834e-05,VEN,2015
2386,IDN,Growing cereals n.e.c industry,TKM,0.0,VEN,2015
2387,IDN,Growing leguminous crops and oil seeds industry,TKM,1.9782759521032166e-05,VEN,2015
2388,IDN,Growing rice industry,TKM,0.0,VEN,2015
2389,IDN,"Growing vegetables, roots, tubers industry",TKM,0.0,VEN,2015
2390,IDN,Growing sugar beet and cane industry,TKM,4.3446220093671385e-09,VEN,2015
2391,IDN,Growing tobacco industry,TKM,0.0,VEN,2015
2392,IDN,Growing fibre crops industry,TKM,8.213051375378784e-08,VEN,2015
2393,IDN,Growing crops n.e.c. industry,TKM,1.203722870293835e-06,VEN,2015
2394,IDN,Growing grapes industry,TKM,0.0,VEN,2015
2395,IDN,Growing fruits and nuts industry,TKM,4.174023725141227e-08,VEN,2015
2396,IDN,"Growing beverage crops (coffee, tea etc) industry",TKM,2.1462613690195464e-08,VEN,2015
2397,IDN,"Growing spices, aromatic, drug and pharmaceutical crops industry",TKM,6.2948339472641894e-06,VEN,2015
2398,IDN,Seeds and plant propagation industry,TKM,0.0,VEN,2015
2399,IDN,Raising of cattle industry,TKM,4.7638446182815705e-07,VEN,2015
2400,IDN,Growing wheat industry,TUN,0.0,VEN,2015
2401,IDN,Growing maize industry,TUN,7.462128990064853e-05,VEN,2015
2402,IDN,Growing cereals n.e.c industry,TUN,0.0,VEN,2015
2403,IDN,Growing leguminous crops and oil seeds industry,TUN,0.00015175004725289257,VEN,2015
2404,IDN,Growing rice industry,TUN,0.0,VEN,2015
2405,IDN,"Growing vegetables, roots, tubers industry",TUN,0.0,VEN,2015
2406,IDN,Growing sugar beet and cane industry,TUN,2.9324310215125396e-08,VEN,2015
2407,IDN,Growing tobacco industry,TUN,0.0,VEN,2015
2408,IDN,Growing fibre crops industry,TUN,4.831003636040159e-07,VEN,2015
2409,IDN,Growing crops n.e.c. industry,TUN,7.607042634061848e-06,VEN,2015
2410,IDN,Growing grapes industry,TUN,0.0,VEN,2015
2411,IDN,Growing fruits and nuts industry,TUN,2.7259503336965733e-07,VEN,2015
2412,IDN,"Growing beverage crops (coffee, tea etc) industry",TUN,1.7226535654549224e-07,VEN,2015
2413,IDN,"Growing spices, aromatic, drug and pharmaceutical crops industry",TUN,5.002612134835478e-05,VEN,2015
2414,IDN,Seeds and plant propagation industry,TUN,0.0,VEN,2015
2415,IDN,Raising of cattle industry,TUN,3.442311145077511e-06,VEN,2015
2416,IDN,Growing wheat industry,TUR,0.0,VEN,2015
2417,IDN,Growing maize industry,TUR,0.0009178793727909325,VEN,2015
2418,IDN,Growing cereals n.e.c industry,TUR,0.0,VEN,2015
2419,IDN,Growing leguminous crops and oil seeds industry,TUR,0.0016322530562591028,VEN,2015
2420,IDN,Growing rice industry,TUR,0.0,VEN,2015
2421,IDN,"Growing vegetables, roots, tubers industry",TUR,0.0,VEN,2015
2422,IDN,Growing sugar beet and cane industry,TUR,3.7942723672344897e-07,VEN,2015
2423,IDN,Growing tobacco industry,TUR,0.0,VEN,2015
2424,IDN,Growing fibre crops industry,TUR,5.182958867841581e-06,VEN,2015
2425,IDN,Growing crops n.e.c. industry,TUR,8.840191461064152e-05,VEN,2015
2426,IDN,Growing grapes industry,TUR,0.0,VEN,2015
2427,IDN,Growing fruits and nuts industry,TUR,3.0226198522091008e-06,VEN,2015
2428,IDN,"Growing beverage crops (coffee, tea etc) industry",TUR,1.952204959880301e-06,VEN,2015
2429,IDN,"Growing spices, aromatic, drug and pharmaceutical crops industry",TUR,0.0005006937871349194,VEN,2015
2430,IDN,Seeds and plant propagation industry,TUR,0.0,VEN,2015
2431,IDN,Raising of cattle industry,TUR,3.6099353101740475e-05,VEN,2015
2432,IDN,Growing wheat industry,TZA,0.0,VEN,2015
2433,IDN,Growing maize industry,TZA,5.315723270191071e-05,VEN,2015
2434,IDN,Growing cereals n.e.c industry,TZA,0.0,VEN,2015
2435,IDN,Growing leguminous crops and oil seeds industry,TZA,0.00011103107531756309,VEN,2015
2436,IDN,Growing rice industry,TZA,0.0,VEN,2015
2437,IDN,"Growing vegetables, roots, tubers industry",TZA,0.0,VEN,2015
2438,IDN,Growing sugar beet and cane industry,TZA,3.9219676152696164e-08,VEN,2015
2439,IDN,Growing tobacco industry,TZA,0.0,VEN,2015
2440,IDN,Growing fibre crops industry,TZA,4.2917516866289204e-07,VEN,2015
2441,IDN,Growing crops n.e.c. industry,TZA,4.883837393930978e-06,VEN,2015
2442,IDN,Growing grapes industry,TZA,0.0,VEN,2015
2443,IDN,Growing fruits and nuts industry,TZA,1.9279340550748482e-07,VEN,2015
2444,IDN,"Growing beverage crops (coffee, tea etc) industry",TZA,1.0360682885435634e-07,VEN,2015
2445,IDN,"Growing spices, aromatic, drug and pharmaceutical crops industry",TZA,3.378729003873415e-05,VEN,2015
2446,IDN,Seeds and plant propagation industry,TZA,0.0,VEN,2015
2447,IDN,Raising of cattle industry,TZA,2.798495099828355e-06,VEN,2015
2448,IDN,Growing wheat industry,UGA,0.0,VEN,2015
2449,IDN,Growing maize industry,UGA,4.154187539954342e-05,VEN,2015
2450,IDN,Growing cereals n.e.c industry,UGA,0.0,VEN,2015
2451,IDN,Growing leguminous crops and oil seeds industry,UGA,7.891034128951465e-05,VEN,2015
2452,IDN,Growing rice industry,UGA,0.0,VEN,2015
2453,IDN,"Growing vegetables, roots, tubers industry",UGA,0.0,VEN,2015
2454,IDN,Growing sugar beet and cane industry,UGA,2.2225096242887928e-08,VEN,2015
2455,IDN,Growing tobacco industry,UGA,0.0,VEN,2015
2456,IDN,Growing fibre crops industry,UGA,3.152479880368399e-07,VEN,2015
2457,IDN,Growing crops n.e.c. industry,UGA,3.8030280185752883e-06,VEN,2015
2458,IDN,Growing grapes industry,UGA,0.0,VEN,2015
2459,IDN,Growing fruits and nuts industry,UGA,1.4023110644065054e-07,VEN,2015
2460,IDN,"Growing beverage crops (coffee, tea etc) industry",UGA,7.295951873456341e-08,VEN,2015
2461,IDN,"Growing spices, aromatic, drug and pharmaceutical crops industry",UGA,2.9460935917663196e-05,VEN,2015
2462,IDN,Seeds and plant propagation industry,UGA,0.0,VEN,2015
2463,IDN,Raising of cattle industry,UGA,1.9657126422396472e-06,VEN,2015
2464,IDN,Growing wheat industry,UKR,0.0,VEN,2015
2465,IDN,Growing maize industry,UKR,0.00018792950042659327,VEN,2015
2466,IDN,Growing cereals n.e.c industry,UKR,0.0,VEN,2015
2467,IDN,Growing leguminous crops and oil seeds industry,UKR,0.0004098740806173628,VEN,2015
2468,IDN,Growing rice industry,UKR,0.0,VEN,2015
2469,IDN,"Growing vegetables, roots, tubers industry",UKR,0.0,VEN,2015
2470,IDN,Growing sugar beet and cane industry,UKR,8.093602442807726e-08,VEN,2015
2471,IDN,Growing tobacco industry,UKR,0.0,VEN,2015
2472,IDN,Growing fibre crops industry,UKR,1.3720457223415692e-06,VEN,2015
2473,IDN,Growing crops n.e.c. industry,UKR,2.0852468250604807e-05,VEN,2015
2474,IDN,Growing grapes industry,UKR,0.0,VEN,2015
2475,IDN,Growing fruits and nuts industry,UKR,7.689192535114261e-07,VEN,2015
2476,IDN,"Growing beverage crops (coffee, tea etc) industry",UKR,4.029818397144376e-07,VEN,2015
2477,IDN,"Growing spices, aromatic, drug and pharmaceutical crops industry",UKR,0.00017366382749036495,VEN,2015
2478,IDN,Seeds and plant propagation industry,UKR,0.0,VEN,2015
2479,IDN,Raising of cattle industry,UKR,9.45760826330705e-06,VEN,2015
2480,IDN,Growing wheat industry,URY,0.0,VEN,2015
2481,IDN,Growing maize industry,URY,0.00022604192717245672,VEN,2015
2482,IDN,Growing cereals n.e.c industry,URY,0.0,VEN,2015
2483,IDN,Growing leguminous crops and oil seeds industry,URY,0.00037331098985954987,VEN,2015
2484,IDN,Growing rice industry,URY,0.0,VEN,2015
2485,IDN,"Growing vegetables, roots, tubers industry",URY,0.0,VEN,2015
2486,IDN,Growing sugar beet and cane industry,URY,1.2828298552655577e-07,VEN,2015
2487,IDN,Growing tobacco industry,URY,0.0,VEN,2015
2488,IDN,Growing fibre crops industry,URY,1.4870066884836633e-06,VEN,2015
2489,IDN,Growing crops n.e.c. industry,URY,2.0193076946196866e-05,VEN,2015
2490,IDN,Growing grapes industry,URY,0.0,VEN,2015
2491,IDN,Growing fruits and nuts industry,URY,8.283679375488693e-07,VEN,2015
2492,IDN,"Growing beverage crops (coffee, tea etc) industry",URY,4.003482313920425e-07,VEN,2015
2493,IDN,"Growing spices, aromatic, drug and pharmaceutical crops industry",URY,9.298050976031998e-05,VEN,2015
2494,IDN,Seeds and plant propagation industry,URY,0.0,VEN,2015
2495,IDN,Raising of cattle industry,URY,1.0293235314619547e-05,VEN,2015
2496,IDN,Growing wheat industry,USA,0.0,VEN,2015
2497,IDN,Growing maize industry,USA,0.054471492951088316,VEN,2015
2498,IDN,Growing cereals n.e.c industry,USA,0.0,VEN,2015
2499,IDN,Growing leguminous crops and oil seeds industry,USA,0.07825399038353031,VEN,2015
2500,IDN,Growing rice industry,USA,0.0,VEN,2015
2501,IDN,"Growing vegetables, roots, tubers industry",USA,0.0,VEN,2015
2502,IDN,Growing sugar beet and cane industry,USA,2.3700264208310093e-05,VEN,2015
2503,IDN,Growing tobacco industry,USA,0.0,VEN,2015
2504,IDN,Growing fibre crops industry,USA,0.0006184704519767701,VEN,2015
2505,IDN,Growing crops n.e.c. industry,USA,0.006119436318579679,VEN,2015
2506,IDN,Growing grapes industry,USA,0.0,VEN,2015
2507,IDN,Growing fruits and nuts industry,USA,0.0002643221723067988,VEN,2015
2508,IDN,"Growing beverage crops (coffee, tea etc) industry",USA,0.00016063268545141252,VEN,2015
2509,IDN,"Growing spices, aromatic, drug and pharmaceutical crops industry",USA,0.030151081805850674,VEN,2015
2510,IDN,Seeds and plant propagation industry,USA,0.0,VEN,2015
2511,IDN,Raising of cattle industry,USA,0.002144405555726498,VEN,2015
2512,IDN,Growing wheat industry,UZB,0.0,VEN,2015
2513,IDN,Growing maize industry,UZB,2.87342422707326e-05,VEN,2015
2514,IDN,Growing cereals n.e.c industry,UZB,0.0,VEN,2015
2515,IDN,Growing leguminous crops and oil seeds industry,UZB,5.6242529488994446e-05,VEN,2015
2516,IDN,Growing rice industry,UZB,0.0,VEN,2015
2517,IDN,"Growing vegetables, roots, tubers industry",UZB,0.0,VEN,2015
2518,IDN,Growing sugar beet and cane industry,UZB,1.2117616554324463e-08,VEN,2015
2519,IDN,Growing tobacco industry,UZB,0.0,VEN,2015
2520,IDN,Growing fibre crops industry,UZB,2.1050261540902122e-07,VEN,2015
2521,IDN,Growing crops n.e.c. industry,UZB,3.4655852708755962e-06,VEN,2015
2522,IDN,Growing grapes industry,UZB,0.0,VEN,2015
2523,IDN,Growing fruits and nuts industry,UZB,1.1219663334013026e-07,VEN,2015
2524,IDN,"Growing beverage crops (coffee, tea etc) industry",UZB,6.013936681194216e-08,VEN,2015
2525,IDN,"Growing spices, aromatic, drug and pharmaceutical crops industry",UZB,1.8932345967286562e-05,VEN,2015
2526,IDN,Seeds and plant propagation industry,UZB,0.0,VEN,2015
2527,IDN,Raising of cattle industry,UZB,1.3457748282769216e-06,VEN,2015
2528,IDN,Growing wheat industry,VEN,0.0,VEN,2015
2529,IDN,Growing maize industry,VEN,0.0,VEN,2015
2530,IDN,Growing cereals n.e.c industry,VEN,0.0,VEN,2015
2531,IDN,Growing leguminous crops and oil seeds industry,VEN,0.0,VEN,2015
2532,IDN,Growing rice industry,VEN,0.0,VEN,2015
2533,IDN,"Growing vegetables, roots, tubers industry",VEN,0.0,VEN,2015
2534,IDN,Growing sugar beet and cane industry,VEN,0.0,VEN,2015
2535,IDN,Growing tobacco industry,VEN,0.0,VEN,2015
2536,IDN,Growing fibre crops industry,VEN,0.0,VEN,2015
2537,IDN,Growing crops n.e.c. industry,VEN,0.0,VEN,2015
2538,IDN,Growing grapes industry,VEN,0.0,VEN,2015
2539,IDN,Growing fruits and nuts industry,VEN,0.0,VEN,2015
2540,IDN,"Growing beverage crops (coffee, tea etc) industry",VEN,0.0,VEN,2015
2541,IDN,"Growing spices, aromatic, drug and pharmaceutical crops industry",VEN,0.0,VEN,2015
2542,IDN,Seeds and plant propagation industry,VEN,0.0,VEN,2015
2543,IDN,Raising of cattle industry,VEN,0.0,VEN,2015
2544,IDN,Growing wheat industry,VNM,0.0,VEN,2015
2545,IDN,Growing maize industry,VNM,0.00032381047393815137,VEN,2015
2546,IDN,Growing cereals n.e.c industry,VNM,0.0,VEN,2015
2547,IDN,Growing leguminous crops and oil seeds industry,VNM,0.0006776281049606678,VEN,2015
2548,IDN,Growing rice industry,VNM,0.0,VEN,2015
2549,IDN,"Growing vegetables, roots, tubers industry",VNM,0.0,VEN,2015
2550,IDN,Growing sugar beet and cane industry,VNM,3.154619217051772e-07,VEN,2015
2551,IDN,Growing tobacco industry,VNM,0.0,VEN,2015
2552,IDN,Growing fibre crops industry,VNM,4.087773287176593e-06,VEN,2015
2553,IDN,Growing crops n.e.c. industry,VNM,6.024832849373067e-05,VEN,2015
2554,IDN,Growing grapes industry,VNM,0.0,VEN,2015
2555,IDN,Growing fruits and nuts industry,VNM,1.1867906777084062e-06,VEN,2015
2556,IDN,"Growing beverage crops (coffee, tea etc) industry",VNM,5.120443164658717e-07,VEN,2015
2557,IDN,"Growing spices, aromatic, drug and pharmaceutical crops industry",VNM,0.00018898532788485283,VEN,2015
2558,IDN,Seeds and plant propagation industry,VNM,0.0,VEN,2015
2559,IDN,Raising of cattle industry,VNM,2.1458912843792116e-05,VEN,2015
2560,IDN,Growing wheat industry,YEM,0.0,VEN,2015
2561,IDN,Growing maize industry,YEM,0.00010667042241789312,VEN,2015
2562,IDN,Growing cereals n.e.c industry,YEM,0.0,VEN,2015
2563,IDN,Growing leguminous crops and oil seeds industry,YEM,0.0003991531607754512,VEN,2015
2564,IDN,Growing rice industry,YEM,0.0,VEN,2015
2565,IDN,"Growing vegetables, roots, tubers industry",YEM,0.0,VEN,2015
2566,IDN,Growing sugar beet and cane industry,YEM,4.062135431812599e-08,VEN,2015
2567,IDN,Growing tobacco industry,YEM,0.0,VEN,2015
2568,IDN,Growing fibre crops industry,YEM,5.846407101235213e-07,VEN,2015
2569,IDN,Growing crops n.e.c. industry,YEM,8.898861326201135e-06,VEN,2015
2570,IDN,Growing grapes industry,YEM,0.0,VEN,2015
2571,IDN,Growing fruits and nuts industry,YEM,6.110026254802466e-07,VEN,2015
2572,IDN,"Growing beverage crops (coffee, tea etc) industry",YEM,1.819044812123801e-07,VEN,2015
2573,IDN,"Growing spices, aromatic, drug and pharmaceutical crops industry",YEM,0.0001648946474683527,VEN,2015
2574,IDN,Seeds and plant propagation industry,YEM,0.0,VEN,2015
2575,IDN,Raising of cattle industry,YEM,4.4304886299205236e-06,VEN,2015
2576,IDN,Growing wheat industry,ZAF,0.0,VEN,2015
2577,IDN,Growing maize industry,ZAF,0.0003621242284753243,VEN,2015
2578,IDN,Growing cereals n.e.c industry,ZAF,0.0,VEN,2015
2579,IDN,Growing leguminous crops and oil seeds industry,ZAF,0.0007135488027223559,VEN,2015
2580,IDN,Growing rice industry,ZAF,0.0,VEN,2015
2581,IDN,"Growing vegetables, roots, tubers industry",ZAF,0.0,VEN,2015
2582,IDN,Growing sugar beet and cane industry,ZAF,1.6366029511568832e-07,VEN,2015
2583,IDN,Growing tobacco industry,ZAF,0.0,VEN,2015
2584,IDN,Growing fibre crops industry,ZAF,2.5524114005370534e-06,VEN,2015
2585,IDN,Growing crops n.e.c. industry,ZAF,4.071209056279952e-05,VEN,2015
2586,IDN,Growing grapes industry,ZAF,0.0,VEN,2015
2587,IDN,Growing fruits and nuts industry,ZAF,1.3265362972811668e-06,VEN,2015
2588,IDN,"Growing beverage crops (coffee, tea etc) industry",ZAF,7.495059885880448e-07,VEN,2015
2589,IDN,"Growing spices, aromatic, drug and pharmaceutical crops industry",ZAF,0.00022860895396669176,VEN,2015
2590,IDN,Seeds and plant propagation industry,ZAF,0.0,VEN,2015
2591,IDN,Raising of cattle industry,ZAF,1.8053539822290162e-05,VEN,2015
2592,IDN,Growing wheat industry,ZMB,0.0,VEN,2015
2593,IDN,Growing maize industry,ZMB,2.9809017369166657e-05,VEN,2015
2594,IDN,Growing cereals n.e.c industry,ZMB,0.0,VEN,2015
2595,IDN,Growing leguminous crops and oil seeds industry,ZMB,5.5957484857291326e-05,VEN,2015
2596,IDN,Growing rice industry,ZMB,0.0,VEN,2015
2597,IDN,"Growing vegetables, roots, tubers industry",ZMB,0.0,VEN,2015
2598,IDN,Growing sugar beet and cane industry,ZMB,1.4150168120590754e-08,VEN,2015
2599,IDN,Growing tobacco industry,ZMB,0.0,VEN,2015
2600,IDN,Growing fibre crops industry,ZMB,1.9735522746901412e-07,VEN,2015
2601,IDN,Growing crops n.e.c. industry,ZMB,3.36467406850156e-06,VEN,2015
2602,IDN,Growing grapes industry,ZMB,0.0,VEN,2015
2603,IDN,Growing fruits and nuts industry,ZMB,1.3637020483130865e-07,VEN,2015
2604,IDN,"Growing beverage crops (coffee, tea etc) industry",ZMB,4.4136211895637124e-08,VEN,2015
2605,IDN,"Growing spices, aromatic, drug and pharmaceutical crops industry",ZMB,2.0082122016583532e-05,VEN,2015
2606,IDN,Seeds and plant propagation industry,ZMB,0.0,VEN,2015
2607,IDN,Raising of cattle industry,ZMB,1.2579103084373667e-06,VEN,2015
2608,IDN,Growing wheat industry,ZWE,0.0,VEN,2015
2609,IDN,Growing maize industry,ZWE,2.329203651365186e-05,VEN,2015
2610,IDN,Growing cereals n.e.c industry,ZWE,0.0,VEN,2015
2611,IDN,Growing leguminous crops and oil seeds industry,ZWE,4.214786083370223e-05,VEN,2015
2612,IDN,Growing rice industry,ZWE,0.0,VEN,2015
2613,IDN,"Growing vegetables, roots, tubers industry",ZWE,0.0,VEN,2015
2614,IDN,Growing sugar beet and cane industry,ZWE,9.163488405279342e-09,VEN,2015
2615,IDN,Growing tobacco industry,ZWE,0.0,VEN,2015
2616,IDN,Growing fibre crops industry,ZWE,1.5643625918398913e-07,VEN,2015
2617,IDN,Growing crops n.e.c. industry,ZWE,2.024125502387656e-06,VEN,2015
2618,IDN,Growing grapes industry,ZWE,0.0,VEN,2015
2619,IDN,Growing fruits and nuts industry,ZWE,8.33869261372124e-08,VEN,2015
2620,IDN,"Growing beverage crops (coffee, tea etc) industry",ZWE,5.1980427120300106e-08,VEN,2015
2621,IDN,"Growing spices, aromatic, drug and pharmaceutical crops industry",ZWE,1.229220946929798e-05,VEN,2015
2622,IDN,Seeds and plant propagation industry,ZWE,0.0,VEN,2015
2623,IDN,Raising of cattle industry,ZWE,1.1699040179398645e-06,VEN,2015
