,Origin_country,Origin_Sector,Destination_country,value,Transition_country,Year
0,COD,Growing wheat industry,XAM,1.0463667586445258e-07,TGO,2019
1,COD,Growing maize industry,XAM,0.0,TGO,2019
2,COD,Growing cereals n.e.c industry,XAM,0.0,TGO,2019
3,COD,Growing leguminous crops and oil seeds industry,XAM,2.759796819304322e-07,TGO,2019
4,COD,Growing rice industry,XAM,3.998898784616019e-08,TGO,2019
5,COD,"Growing vegetables, roots, tubers industry",XAM,2.188296152984792e-07,TGO,2019
6,COD,Growing sugar beet and cane industry,XAM,3.429855093092813e-08,TGO,2019
7,COD,Growing tobacco industry,XAM,8.61082514405812e-10,TGO,2019
8,COD,Growing fibre crops industry,XAM,8.475994014037417e-08,TGO,2019
9,COD,Growing crops n.e.c. industry,XAM,2.9331272242726555e-07,TGO,2019
10,COD,Growing grapes industry,XAM,0.0,TGO,2019
11,COD,Growing fruits and nuts industry,XAM,2.1063561815158758e-08,TGO,2019
12,COD,"Growing beverage crops (coffee, tea etc) industry",XAM,1.0267556373770275e-07,TGO,2019
13,COD,"Growing spices, aromatic, drug and pharmaceutical crops industry",XAM,3.5505375584368655e-08,TGO,2019
14,COD,Seeds and plant propagation industry,XAM,0.0,TGO,2019
15,COD,Raising of cattle industry,XAM,1.076127268536779e-05,TGO,2019
16,COD,Growing wheat industry,XEU,2.8139720083400038e-08,TGO,2019
17,COD,Growing maize industry,XEU,0.0,TGO,2019
18,COD,Growing cereals n.e.c industry,XEU,0.0,TGO,2019
19,COD,Growing leguminous crops and oil seeds industry,XEU,7.557968495659618e-08,TGO,2019
20,COD,Growing rice industry,XEU,1.0109793529409596e-08,TGO,2019
21,COD,"Growing vegetables, roots, tubers industry",XEU,6.64307068129583e-08,TGO,2019
22,COD,Growing sugar beet and cane industry,XEU,8.930594397420793e-09,TGO,2019
23,COD,Growing tobacco industry,XEU,2.477455740669048e-10,TGO,2019
24,COD,Growing fibre crops industry,XEU,2.4250918970823957e-08,TGO,2019
25,COD,Growing crops n.e.c. industry,XEU,7.41227693158071e-08,TGO,2019
26,COD,Growing grapes industry,XEU,0.0,TGO,2019
27,COD,Growing fruits and nuts industry,XEU,6.078873371249709e-09,TGO,2019
28,COD,"Growing beverage crops (coffee, tea etc) industry",XEU,3.042843291166097e-08,TGO,2019
29,COD,"Growing spices, aromatic, drug and pharmaceutical crops industry",XEU,1.07226645784021e-08,TGO,2019
30,COD,Seeds and plant propagation industry,XEU,0.0,TGO,2019
31,COD,Raising of cattle industry,XEU,2.843338983290974e-06,TGO,2019
32,COD,Growing wheat industry,XAF,3.1214885705760246e-07,TGO,2019
33,COD,Growing maize industry,XAF,0.0,TGO,2019
34,COD,Growing cereals n.e.c industry,XAF,0.0,TGO,2019
35,COD,Growing leguminous crops and oil seeds industry,XAF,8.106367461223381e-07,TGO,2019
36,COD,Growing rice industry,XAF,1.1890094370791506e-07,TGO,2019
37,COD,"Growing vegetables, roots, tubers industry",XAF,7.397183143193123e-07,TGO,2019
38,COD,Growing sugar beet and cane industry,XAF,1.0267340210982053e-07,TGO,2019
39,COD,Growing tobacco industry,XAF,2.533288168352245e-09,TGO,2019
40,COD,Growing fibre crops industry,XAF,3.122973966045883e-07,TGO,2019
41,COD,Growing crops n.e.c. industry,XAF,8.870654624038096e-07,TGO,2019
42,COD,Growing grapes industry,XAF,0.0,TGO,2019
43,COD,Growing fruits and nuts industry,XAF,7.122551985558907e-08,TGO,2019
44,COD,"Growing beverage crops (coffee, tea etc) industry",XAF,3.343316936072382e-07,TGO,2019
45,COD,"Growing spices, aromatic, drug and pharmaceutical crops industry",XAF,1.2423058939460103e-07,TGO,2019
46,COD,Seeds and plant propagation industry,XAF,0.0,TGO,2019
47,COD,Raising of cattle industry,XAF,3.1592576441317895e-05,TGO,2019
48,COD,Growing wheat industry,XAS,2.103402926013064e-07,TGO,2019
49,COD,Growing maize industry,XAS,0.0,TGO,2019
50,COD,Growing cereals n.e.c industry,XAS,0.0,TGO,2019
51,COD,Growing leguminous crops and oil seeds industry,XAS,4.844076913943454e-07,TGO,2019
52,COD,Growing rice industry,XAS,8.669699936317359e-08,TGO,2019
53,COD,"Growing vegetables, roots, tubers industry",XAS,5.68970754986842e-07,TGO,2019
54,COD,Growing sugar beet and cane industry,XAS,7.945060495653193e-08,TGO,2019
55,COD,Growing tobacco industry,XAS,1.2636513103853176e-09,TGO,2019
56,COD,Growing fibre crops industry,XAS,2.1451287190421182e-07,TGO,2019
57,COD,Growing crops n.e.c. industry,XAS,6.488499177226142e-07,TGO,2019
58,COD,Growing grapes industry,XAS,0.0,TGO,2019
59,COD,Growing fruits and nuts industry,XAS,5.311505516630123e-08,TGO,2019
60,COD,"Growing beverage crops (coffee, tea etc) industry",XAS,2.1144237942866002e-07,TGO,2019
61,COD,"Growing spices, aromatic, drug and pharmaceutical crops industry",XAS,6.855977739556466e-08,TGO,2019
62,COD,Seeds and plant propagation industry,XAS,0.0,TGO,2019
63,COD,Raising of cattle industry,XAS,2.20820467145376e-05,TGO,2019
64,COD,Growing wheat industry,AFG,5.2472190428743536e-08,TGO,2019
65,COD,Growing maize industry,AFG,0.0,TGO,2019
66,COD,Growing cereals n.e.c industry,AFG,0.0,TGO,2019
67,COD,Growing leguminous crops and oil seeds industry,AFG,1.3050950531505396e-07,TGO,2019
68,COD,Growing rice industry,AFG,1.785634377005704e-08,TGO,2019
69,COD,"Growing vegetables, roots, tubers industry",AFG,1.352805852467501e-07,TGO,2019
70,COD,Growing sugar beet and cane industry,AFG,9.471986512780437e-08,TGO,2019
71,COD,Growing tobacco industry,AFG,3.2618334089329374e-10,TGO,2019
72,COD,Growing fibre crops industry,AFG,5.025818426268842e-08,TGO,2019
73,COD,Growing crops n.e.c. industry,AFG,1.310440043411622e-07,TGO,2019
74,COD,Growing grapes industry,AFG,0.0,TGO,2019
75,COD,Growing fruits and nuts industry,AFG,1.2854123971098058e-08,TGO,2019
76,COD,"Growing beverage crops (coffee, tea etc) industry",AFG,5.539021910071159e-08,TGO,2019
77,COD,"Growing spices, aromatic, drug and pharmaceutical crops industry",AFG,1.4712160195464887e-08,TGO,2019
78,COD,Seeds and plant propagation industry,AFG,0.0,TGO,2019
79,COD,Raising of cattle industry,AFG,4.916842069675463e-06,TGO,2019
80,COD,Growing wheat industry,AGO,3.2392428702878064e-07,TGO,2019
81,COD,Growing maize industry,AGO,0.0,TGO,2019
82,COD,Growing cereals n.e.c industry,AGO,0.0,TGO,2019
83,COD,Growing leguminous crops and oil seeds industry,AGO,7.986670922786346e-07,TGO,2019
84,COD,Growing rice industry,AGO,1.1095038941387952e-07,TGO,2019
85,COD,"Growing vegetables, roots, tubers industry",AGO,9.89985629084882e-07,TGO,2019
86,COD,Growing sugar beet and cane industry,AGO,1.0977530324486853e-07,TGO,2019
87,COD,Growing tobacco industry,AGO,2.332226852601416e-09,TGO,2019
88,COD,Growing fibre crops industry,AGO,9.624255534601476e-07,TGO,2019
89,COD,Growing crops n.e.c. industry,AGO,8.507011714036345e-07,TGO,2019
90,COD,Growing grapes industry,AGO,0.0,TGO,2019
91,COD,Growing fruits and nuts industry,AGO,1.4270693606293422e-07,TGO,2019
92,COD,"Growing beverage crops (coffee, tea etc) industry",AGO,4.225527439165637e-07,TGO,2019
93,COD,"Growing spices, aromatic, drug and pharmaceutical crops industry",AGO,1.1648595261787525e-07,TGO,2019
94,COD,Seeds and plant propagation industry,AGO,0.0,TGO,2019
95,COD,Raising of cattle industry,AGO,3.07922622537812e-05,TGO,2019
96,COD,Growing wheat industry,ALB,4.226177570999926e-08,TGO,2019
97,COD,Growing maize industry,ALB,0.0,TGO,2019
98,COD,Growing cereals n.e.c industry,ALB,0.0,TGO,2019
99,COD,Growing leguminous crops and oil seeds industry,ALB,1.0735267719549896e-07,TGO,2019
100,COD,Growing rice industry,ALB,1.5096351360354647e-08,TGO,2019
101,COD,"Growing vegetables, roots, tubers industry",ALB,1.1058489921091662e-07,TGO,2019
102,COD,Growing sugar beet and cane industry,ALB,1.3583487853176737e-08,TGO,2019
103,COD,Growing tobacco industry,ALB,3.3281785539534136e-10,TGO,2019
104,COD,Growing fibre crops industry,ALB,5.050542365432072e-08,TGO,2019
105,COD,Growing crops n.e.c. industry,ALB,1.1276866786910029e-07,TGO,2019
106,COD,Growing grapes industry,ALB,0.0,TGO,2019
107,COD,Growing fruits and nuts industry,ALB,1.209599488857798e-08,TGO,2019
108,COD,"Growing beverage crops (coffee, tea etc) industry",ALB,4.856128615172162e-08,TGO,2019
109,COD,"Growing spices, aromatic, drug and pharmaceutical crops industry",ALB,1.580698390967115e-08,TGO,2019
110,COD,Seeds and plant propagation industry,ALB,0.0,TGO,2019
111,COD,Raising of cattle industry,ALB,4.139366531420246e-06,TGO,2019
112,COD,Growing wheat industry,ARE,2.708369513057068e-06,TGO,2019
113,COD,Growing maize industry,ARE,0.0,TGO,2019
114,COD,Growing cereals n.e.c industry,ARE,0.0,TGO,2019
115,COD,Growing leguminous crops and oil seeds industry,ARE,5.569811072918616e-06,TGO,2019
116,COD,Growing rice industry,ARE,1.0792663676871085e-06,TGO,2019
117,COD,"Growing vegetables, roots, tubers industry",ARE,3.2333103018613686e-06,TGO,2019
118,COD,Growing sugar beet and cane industry,ARE,8.594496241909164e-07,TGO,2019
119,COD,Growing tobacco industry,ARE,1.2260744642718402e-08,TGO,2019
120,COD,Growing fibre crops industry,ARE,9.009682339570298e-07,TGO,2019
121,COD,Growing crops n.e.c. industry,ARE,8.07207449760758e-06,TGO,2019
122,COD,Growing grapes industry,ARE,0.0,TGO,2019
123,COD,Growing fruits and nuts industry,ARE,2.0293065656663114e-07,TGO,2019
124,COD,"Growing beverage crops (coffee, tea etc) industry",ARE,1.4619152014330224e-06,TGO,2019
125,COD,"Growing spices, aromatic, drug and pharmaceutical crops industry",ARE,3.484517119833295e-07,TGO,2019
126,COD,Seeds and plant propagation industry,ARE,0.0,TGO,2019
127,COD,Raising of cattle industry,ARE,0.00027868261663463874,TGO,2019
128,COD,Growing wheat industry,ARG,1.6811778974719598e-07,TGO,2019
129,COD,Growing maize industry,ARG,0.0,TGO,2019
130,COD,Growing cereals n.e.c industry,ARG,0.0,TGO,2019
131,COD,Growing leguminous crops and oil seeds industry,ARG,5.266562139023583e-07,TGO,2019
132,COD,Growing rice industry,ARG,5.991787807314773e-08,TGO,2019
133,COD,"Growing vegetables, roots, tubers industry",ARG,4.347008766854545e-07,TGO,2019
134,COD,Growing sugar beet and cane industry,ARG,5.4676750616982895e-08,TGO,2019
135,COD,Growing tobacco industry,ARG,1.9151626334973434e-09,TGO,2019
136,COD,Growing fibre crops industry,ARG,1.6900619868835186e-07,TGO,2019
137,COD,Growing crops n.e.c. industry,ARG,4.4277955012677257e-07,TGO,2019
138,COD,Growing grapes industry,ARG,0.0,TGO,2019
139,COD,Growing fruits and nuts industry,ARG,4.760476813773509e-08,TGO,2019
140,COD,"Growing beverage crops (coffee, tea etc) industry",ARG,2.1468190469521562e-07,TGO,2019
141,COD,"Growing spices, aromatic, drug and pharmaceutical crops industry",ARG,8.289437372939514e-08,TGO,2019
142,COD,Seeds and plant propagation industry,ARG,0.0,TGO,2019
143,COD,Raising of cattle industry,ARG,1.6787132200482468e-05,TGO,2019
144,COD,Growing wheat industry,ARM,4.858239652067874e-08,TGO,2019
145,COD,Growing maize industry,ARM,0.0,TGO,2019
146,COD,Growing cereals n.e.c industry,ARM,0.0,TGO,2019
147,COD,Growing leguminous crops and oil seeds industry,ARM,1.0523385605512303e-07,TGO,2019
148,COD,Growing rice industry,ARM,1.958449557798454e-08,TGO,2019
149,COD,"Growing vegetables, roots, tubers industry",ARM,8.736349750238611e-08,TGO,2019
150,COD,Growing sugar beet and cane industry,ARM,1.6158949258259796e-08,TGO,2019
151,COD,Growing tobacco industry,ARM,2.526788067127383e-10,TGO,2019
152,COD,Growing fibre crops industry,ARM,3.605541411176535e-08,TGO,2019
153,COD,Growing crops n.e.c. industry,ARM,1.46423237153965e-07,TGO,2019
154,COD,Growing grapes industry,ARM,0.0,TGO,2019
155,COD,Growing fruits and nuts industry,ARM,7.885274390931739e-09,TGO,2019
156,COD,"Growing beverage crops (coffee, tea etc) industry",ARM,3.658322835539879e-08,TGO,2019
157,COD,"Growing spices, aromatic, drug and pharmaceutical crops industry",ARM,1.0559514549155194e-08,TGO,2019
158,COD,Seeds and plant propagation industry,ARM,0.0,TGO,2019
159,COD,Raising of cattle industry,ARM,5.001387717925628e-06,TGO,2019
160,COD,Growing wheat industry,AUS,1.490069640081567e-06,TGO,2019
161,COD,Growing maize industry,AUS,0.0,TGO,2019
162,COD,Growing cereals n.e.c industry,AUS,0.0,TGO,2019
163,COD,Growing leguminous crops and oil seeds industry,AUS,3.765966431059694e-06,TGO,2019
164,COD,Growing rice industry,AUS,4.6757082966917216e-07,TGO,2019
165,COD,"Growing vegetables, roots, tubers industry",AUS,4.083010438396138e-06,TGO,2019
166,COD,Growing sugar beet and cane industry,AUS,4.5685876182065193e-07,TGO,2019
167,COD,Growing tobacco industry,AUS,1.2119418208221888e-08,TGO,2019
168,COD,Growing fibre crops industry,AUS,2.0858122937172934e-06,TGO,2019
169,COD,Growing crops n.e.c. industry,AUS,3.460126778982603e-06,TGO,2019
170,COD,Growing grapes industry,AUS,0.0,TGO,2019
171,COD,Growing fruits and nuts industry,AUS,5.961916290914088e-07,TGO,2019
172,COD,"Growing beverage crops (coffee, tea etc) industry",AUS,1.719400407115636e-06,TGO,2019
173,COD,"Growing spices, aromatic, drug and pharmaceutical crops industry",AUS,6.283800919328251e-07,TGO,2019
174,COD,Seeds and plant propagation industry,AUS,0.0,TGO,2019
175,COD,Raising of cattle industry,AUS,0.00013898868684954994,TGO,2019
176,COD,Growing wheat industry,AUT,3.9592500714300586e-07,TGO,2019
177,COD,Growing maize industry,AUT,0.0,TGO,2019
178,COD,Growing cereals n.e.c industry,AUT,0.0,TGO,2019
179,COD,Growing leguminous crops and oil seeds industry,AUT,9.862077664111415e-07,TGO,2019
180,COD,Growing rice industry,AUT,1.4569217228889006e-07,TGO,2019
181,COD,"Growing vegetables, roots, tubers industry",AUT,9.666741828602856e-07,TGO,2019
182,COD,Growing sugar beet and cane industry,AUT,1.354179796958539e-07,TGO,2019
183,COD,Growing tobacco industry,AUT,3.0011879460714416e-09,TGO,2019
184,COD,Growing fibre crops industry,AUT,3.597455796336769e-07,TGO,2019
185,COD,Growing crops n.e.c. industry,AUT,1.0810431591260718e-06,TGO,2019
186,COD,Growing grapes industry,AUT,0.0,TGO,2019
187,COD,Growing fruits and nuts industry,AUT,9.777391804949487e-08,TGO,2019
188,COD,"Growing beverage crops (coffee, tea etc) industry",AUT,4.1923954190504376e-07,TGO,2019
189,COD,"Growing spices, aromatic, drug and pharmaceutical crops industry",AUT,1.549700625751979e-07,TGO,2019
190,COD,Seeds and plant propagation industry,AUT,0.0,TGO,2019
191,COD,Raising of cattle industry,AUT,3.7608223296494884e-05,TGO,2019
192,COD,Growing wheat industry,AZE,6.389280869073241e-08,TGO,2019
193,COD,Growing maize industry,AZE,0.0,TGO,2019
194,COD,Growing cereals n.e.c industry,AZE,0.0,TGO,2019
195,COD,Growing leguminous crops and oil seeds industry,AZE,1.552068309986825e-07,TGO,2019
196,COD,Growing rice industry,AZE,2.5663918977684915e-08,TGO,2019
197,COD,"Growing vegetables, roots, tubers industry",AZE,1.4863237562747916e-07,TGO,2019
198,COD,Growing sugar beet and cane industry,AZE,2.1773328149433256e-08,TGO,2019
199,COD,Growing tobacco industry,AZE,4.412387127601207e-10,TGO,2019
200,COD,Growing fibre crops industry,AZE,6.931964643867351e-08,TGO,2019
201,COD,Growing crops n.e.c. industry,AZE,1.918906821353695e-07,TGO,2019
202,COD,Growing grapes industry,AZE,0.0,TGO,2019
203,COD,Growing fruits and nuts industry,AZE,1.4951552191215484e-08,TGO,2019
204,COD,"Growing beverage crops (coffee, tea etc) industry",AZE,6.344939841337326e-08,TGO,2019
205,COD,"Growing spices, aromatic, drug and pharmaceutical crops industry",AZE,2.138320144663748e-08,TGO,2019
206,COD,Seeds and plant propagation industry,AZE,0.0,TGO,2019
207,COD,Raising of cattle industry,AZE,6.59946658383786e-06,TGO,2019
208,COD,Growing wheat industry,BDI,8.00982237502393e-09,TGO,2019
209,COD,Growing maize industry,BDI,0.0,TGO,2019
210,COD,Growing cereals n.e.c industry,BDI,0.0,TGO,2019
211,COD,Growing leguminous crops and oil seeds industry,BDI,2.0938820717413013e-08,TGO,2019
212,COD,Growing rice industry,BDI,2.6765815631303986e-09,TGO,2019
213,COD,"Growing vegetables, roots, tubers industry",BDI,1.8687812281186237e-08,TGO,2019
214,COD,Growing sugar beet and cane industry,BDI,2.2738312226813326e-08,TGO,2019
215,COD,Growing tobacco industry,BDI,4.622447667493911e-11,TGO,2019
216,COD,Growing fibre crops industry,BDI,5.6491358799357e-09,TGO,2019
217,COD,Growing crops n.e.c. industry,BDI,1.935402063600138e-08,TGO,2019
218,COD,Growing grapes industry,BDI,0.0,TGO,2019
219,COD,Growing fruits and nuts industry,BDI,1.4606523428881013e-09,TGO,2019
220,COD,"Growing beverage crops (coffee, tea etc) industry",BDI,7.840320456818522e-09,TGO,2019
221,COD,"Growing spices, aromatic, drug and pharmaceutical crops industry",BDI,1.8367313047755595e-09,TGO,2019
222,COD,Seeds and plant propagation industry,BDI,0.0,TGO,2019
223,COD,Raising of cattle industry,BDI,7.091971624184232e-07,TGO,2019
224,COD,Growing wheat industry,BEL,9.172520940638126e-07,TGO,2019
225,COD,Growing maize industry,BEL,0.0,TGO,2019
226,COD,Growing cereals n.e.c industry,BEL,0.0,TGO,2019
227,COD,Growing leguminous crops and oil seeds industry,BEL,2.230049250256121e-06,TGO,2019
228,COD,Growing rice industry,BEL,3.4878246814895793e-07,TGO,2019
229,COD,"Growing vegetables, roots, tubers industry",BEL,2.228211756121566e-06,TGO,2019
230,COD,Growing sugar beet and cane industry,BEL,3.253452284968439e-07,TGO,2019
231,COD,Growing tobacco industry,BEL,6.516439931159353e-09,TGO,2019
232,COD,Growing fibre crops industry,BEL,1.1752952238481294e-06,TGO,2019
233,COD,Growing crops n.e.c. industry,BEL,2.5795041765698824e-06,TGO,2019
234,COD,Growing grapes industry,BEL,0.0,TGO,2019
235,COD,Growing fruits and nuts industry,BEL,2.1469776654604414e-07,TGO,2019
236,COD,"Growing beverage crops (coffee, tea etc) industry",BEL,9.32772739159389e-07,TGO,2019
237,COD,"Growing spices, aromatic, drug and pharmaceutical crops industry",BEL,3.3972356255024693e-07,TGO,2019
238,COD,Seeds and plant propagation industry,BEL,0.0,TGO,2019
239,COD,Raising of cattle industry,BEL,9.733203455069969e-05,TGO,2019
240,COD,Growing wheat industry,BEN,2.821615797065439e-06,TGO,2019
241,COD,Growing maize industry,BEN,0.0,TGO,2019
242,COD,Growing cereals n.e.c industry,BEN,0.0,TGO,2019
243,COD,Growing leguminous crops and oil seeds industry,BEN,7.668058860454683e-06,TGO,2019
244,COD,Growing rice industry,BEN,8.722822961358641e-07,TGO,2019
245,COD,"Growing vegetables, roots, tubers industry",BEN,1.3430621792603607e-05,TGO,2019
246,COD,Growing sugar beet and cane industry,BEN,1.4620542458452246e-06,TGO,2019
247,COD,Growing tobacco industry,BEN,2.485680581966056e-08,TGO,2019
248,COD,Growing fibre crops industry,BEN,5.525691547380959e-06,TGO,2019
249,COD,Growing crops n.e.c. industry,BEN,6.941174058286606e-06,TGO,2019
250,COD,Growing grapes industry,BEN,0.0,TGO,2019
251,COD,Growing fruits and nuts industry,BEN,1.362074013562049e-06,TGO,2019
252,COD,"Growing beverage crops (coffee, tea etc) industry",BEN,4.919758777501289e-06,TGO,2019
253,COD,"Growing spices, aromatic, drug and pharmaceutical crops industry",BEN,1.3799341596955803e-06,TGO,2019
254,COD,Seeds and plant propagation industry,BEN,0.0,TGO,2019
255,COD,Raising of cattle industry,BEN,0.0002531517188232116,TGO,2019
256,COD,Growing wheat industry,BFA,6.817770710593946e-06,TGO,2019
257,COD,Growing maize industry,BFA,0.0,TGO,2019
258,COD,Growing cereals n.e.c industry,BFA,0.0,TGO,2019
259,COD,Growing leguminous crops and oil seeds industry,BFA,1.4856298397351694e-05,TGO,2019
260,COD,Growing rice industry,BFA,2.1547121746782784e-06,TGO,2019
261,COD,"Growing vegetables, roots, tubers industry",BFA,2.1726680508755254e-05,TGO,2019
262,COD,Growing sugar beet and cane industry,BFA,2.329476711742498e-06,TGO,2019
263,COD,Growing tobacco industry,BFA,4.111056238154447e-08,TGO,2019
264,COD,Growing fibre crops industry,BFA,1.7201903388719873e-05,TGO,2019
265,COD,Growing crops n.e.c. industry,BFA,1.6264569010630015e-05,TGO,2019
266,COD,Growing grapes industry,BFA,0.0,TGO,2019
267,COD,Growing fruits and nuts industry,BFA,3.009714706651879e-06,TGO,2019
268,COD,"Growing beverage crops (coffee, tea etc) industry",BFA,8.369353489675007e-06,TGO,2019
269,COD,"Growing spices, aromatic, drug and pharmaceutical crops industry",BFA,2.4213743578597374e-06,TGO,2019
270,COD,Seeds and plant propagation industry,BFA,0.0,TGO,2019
271,COD,Raising of cattle industry,BFA,0.0006380897510722283,TGO,2019
272,COD,Growing wheat industry,BGD,1.0362323149087933e-06,TGO,2019
273,COD,Growing maize industry,BGD,0.0,TGO,2019
274,COD,Growing cereals n.e.c industry,BGD,0.0,TGO,2019
275,COD,Growing leguminous crops and oil seeds industry,BGD,2.532635098495507e-06,TGO,2019
276,COD,Growing rice industry,BGD,3.9185132726766093e-07,TGO,2019
277,COD,"Growing vegetables, roots, tubers industry",BGD,2.8589897449914624e-06,TGO,2019
278,COD,Growing sugar beet and cane industry,BGD,1.2773422221231002e-06,TGO,2019
279,COD,Growing tobacco industry,BGD,6.505967607381732e-09,TGO,2019
280,COD,Growing fibre crops industry,BGD,1.0813186158109883e-06,TGO,2019
281,COD,Growing crops n.e.c. industry,BGD,2.934735266693917e-06,TGO,2019
282,COD,Growing grapes industry,BGD,0.0,TGO,2019
283,COD,Growing fruits and nuts industry,BGD,2.619632790035124e-07,TGO,2019
284,COD,"Growing beverage crops (coffee, tea etc) industry",BGD,1.1313267554730802e-06,TGO,2019
285,COD,"Growing spices, aromatic, drug and pharmaceutical crops industry",BGD,3.4059398410321653e-07,TGO,2019
286,COD,Seeds and plant propagation industry,BGD,0.0,TGO,2019
287,COD,Raising of cattle industry,BGD,9.734514823585962e-05,TGO,2019
288,COD,Growing wheat industry,BGR,9.795563284916887e-08,TGO,2019
289,COD,Growing maize industry,BGR,0.0,TGO,2019
290,COD,Growing cereals n.e.c industry,BGR,0.0,TGO,2019
291,COD,Growing leguminous crops and oil seeds industry,BGR,2.32563627849971e-07,TGO,2019
292,COD,Growing rice industry,BGR,3.821922824068205e-08,TGO,2019
293,COD,"Growing vegetables, roots, tubers industry",BGR,2.3777074551991747e-07,TGO,2019
294,COD,Growing sugar beet and cane industry,BGR,3.313781450444894e-08,TGO,2019
295,COD,Growing tobacco industry,BGR,6.554944470898513e-10,TGO,2019
296,COD,Growing fibre crops industry,BGR,1.0908676777473918e-07,TGO,2019
297,COD,Growing crops n.e.c. industry,BGR,2.852909457353768e-07,TGO,2019
298,COD,Growing grapes industry,BGR,0.0,TGO,2019
299,COD,Growing fruits and nuts industry,BGR,2.4476242718656314e-08,TGO,2019
300,COD,"Growing beverage crops (coffee, tea etc) industry",BGR,1.0024971622949987e-07,TGO,2019
301,COD,"Growing spices, aromatic, drug and pharmaceutical crops industry",BGR,3.1546377696051284e-08,TGO,2019
302,COD,Seeds and plant propagation industry,BGR,0.0,TGO,2019
303,COD,Raising of cattle industry,BGR,9.866219303237193e-06,TGO,2019
304,COD,Growing wheat industry,BHR,5.2764195743285335e-08,TGO,2019
305,COD,Growing maize industry,BHR,0.0,TGO,2019
306,COD,Growing cereals n.e.c industry,BHR,0.0,TGO,2019
307,COD,Growing leguminous crops and oil seeds industry,BHR,1.48419028350643e-07,TGO,2019
308,COD,Growing rice industry,BHR,1.915141768855153e-08,TGO,2019
309,COD,"Growing vegetables, roots, tubers industry",BHR,1.4906430835833837e-07,TGO,2019
310,COD,Growing sugar beet and cane industry,BHR,1.7720275819859317e-08,TGO,2019
311,COD,Growing tobacco industry,BHR,4.950793192379556e-10,TGO,2019
312,COD,Growing fibre crops industry,BHR,5.5037132681466005e-08,TGO,2019
313,COD,Growing crops n.e.c. industry,BHR,1.4285450271706986e-07,TGO,2019
314,COD,Growing grapes industry,BHR,0.0,TGO,2019
315,COD,Growing fruits and nuts industry,BHR,1.4474447018271849e-08,TGO,2019
316,COD,"Growing beverage crops (coffee, tea etc) industry",BHR,6.516879692579764e-08,TGO,2019
317,COD,"Growing spices, aromatic, drug and pharmaceutical crops industry",BHR,2.4129717681363987e-08,TGO,2019
318,COD,Seeds and plant propagation industry,BHR,0.0,TGO,2019
319,COD,Raising of cattle industry,BHR,5.291816549071078e-06,TGO,2019
320,COD,Growing wheat industry,BHS,1.7835586886809865e-08,TGO,2019
321,COD,Growing maize industry,BHS,0.0,TGO,2019
322,COD,Growing cereals n.e.c industry,BHS,0.0,TGO,2019
323,COD,Growing leguminous crops and oil seeds industry,BHS,5.987316300583109e-08,TGO,2019
324,COD,Growing rice industry,BHS,6.618116175000707e-09,TGO,2019
325,COD,"Growing vegetables, roots, tubers industry",BHS,4.738707996657403e-08,TGO,2019
326,COD,Growing sugar beet and cane industry,BHS,5.97458579334122e-09,TGO,2019
327,COD,Growing tobacco industry,BHS,2.2465262893263248e-10,TGO,2019
328,COD,Growing fibre crops industry,BHS,1.9007822172337714e-08,TGO,2019
329,COD,Growing crops n.e.c. industry,BHS,4.913097123020234e-08,TGO,2019
330,COD,Growing grapes industry,BHS,0.0,TGO,2019
331,COD,Growing fruits and nuts industry,BHS,4.72915006723787e-09,TGO,2019
332,COD,"Growing beverage crops (coffee, tea etc) industry",BHS,2.4369701555713438e-08,TGO,2019
333,COD,"Growing spices, aromatic, drug and pharmaceutical crops industry",BHS,1.0362590451310793e-08,TGO,2019
334,COD,Seeds and plant propagation industry,BHS,0.0,TGO,2019
335,COD,Raising of cattle industry,BHS,1.835378409970465e-06,TGO,2019
336,COD,Growing wheat industry,BIH,2.9196836722094758e-08,TGO,2019
337,COD,Growing maize industry,BIH,0.0,TGO,2019
338,COD,Growing cereals n.e.c industry,BIH,0.0,TGO,2019
339,COD,Growing leguminous crops and oil seeds industry,BIH,6.861864101748376e-08,TGO,2019
340,COD,Growing rice industry,BIH,1.0646052141258718e-08,TGO,2019
341,COD,"Growing vegetables, roots, tubers industry",BIH,6.380885016252795e-08,TGO,2019
342,COD,Growing sugar beet and cane industry,BIH,9.36297081582746e-09,TGO,2019
343,COD,Growing tobacco industry,BIH,1.975056353612593e-10,TGO,2019
344,COD,Growing fibre crops industry,BIH,2.4877227207501785e-08,TGO,2019
345,COD,Growing crops n.e.c. industry,BIH,7.806947576113679e-08,TGO,2019
346,COD,Growing grapes industry,BIH,0.0,TGO,2019
347,COD,Growing fruits and nuts industry,BIH,6.405956648327503e-09,TGO,2019
348,COD,"Growing beverage crops (coffee, tea etc) industry",BIH,2.7387642882291543e-08,TGO,2019
349,COD,"Growing spices, aromatic, drug and pharmaceutical crops industry",BIH,9.554963619349722e-09,TGO,2019
350,COD,Seeds and plant propagation industry,BIH,0.0,TGO,2019
351,COD,Raising of cattle industry,BIH,2.843957671533882e-06,TGO,2019
352,COD,Growing wheat industry,BLR,2.0038033934785696e-07,TGO,2019
353,COD,Growing maize industry,BLR,0.0,TGO,2019
354,COD,Growing cereals n.e.c industry,BLR,0.0,TGO,2019
355,COD,Growing leguminous crops and oil seeds industry,BLR,4.7402735869586215e-07,TGO,2019
356,COD,Growing rice industry,BLR,8.294669672689181e-08,TGO,2019
357,COD,"Growing vegetables, roots, tubers industry",BLR,4.739555385733001e-07,TGO,2019
358,COD,Growing sugar beet and cane industry,BLR,6.953391168883468e-08,TGO,2019
359,COD,Growing tobacco industry,BLR,1.2879193306408085e-09,TGO,2019
360,COD,Growing fibre crops industry,BLR,2.1243443604732019e-07,TGO,2019
361,COD,Growing crops n.e.c. industry,BLR,6.228947978177715e-07,TGO,2019
362,COD,Growing grapes industry,BLR,0.0,TGO,2019
363,COD,Growing fruits and nuts industry,BLR,4.6086707805074016e-08,TGO,2019
364,COD,"Growing beverage crops (coffee, tea etc) industry",BLR,1.9550050035208106e-07,TGO,2019
365,COD,"Growing spices, aromatic, drug and pharmaceutical crops industry",BLR,6.754765271667334e-08,TGO,2019
366,COD,Seeds and plant propagation industry,BLR,0.0,TGO,2019
367,COD,Raising of cattle industry,BLR,2.088470021738611e-05,TGO,2019
368,COD,Growing wheat industry,BLZ,4.65675452339175e-09,TGO,2019
369,COD,Growing maize industry,BLZ,0.0,TGO,2019
370,COD,Growing cereals n.e.c industry,BLZ,0.0,TGO,2019
371,COD,Growing leguminous crops and oil seeds industry,BLZ,1.0904185525700858e-08,TGO,2019
372,COD,Growing rice industry,BLZ,1.9229673716436895e-09,TGO,2019
373,COD,"Growing vegetables, roots, tubers industry",BLZ,9.350792214403816e-09,TGO,2019
374,COD,Growing sugar beet and cane industry,BLZ,1.5720209945018715e-09,TGO,2019
375,COD,Growing tobacco industry,BLZ,2.8989461856218598e-11,TGO,2019
376,COD,Growing fibre crops industry,BLZ,4.289547209752166e-09,TGO,2019
377,COD,Growing crops n.e.c. industry,BLZ,1.4268630046444482e-08,TGO,2019
378,COD,Growing grapes industry,BLZ,0.0,TGO,2019
379,COD,Growing fruits and nuts industry,BLZ,8.962929234626014e-10,TGO,2019
380,COD,"Growing beverage crops (coffee, tea etc) industry",BLZ,4.033151690311342e-09,TGO,2019
381,COD,"Growing spices, aromatic, drug and pharmaceutical crops industry",BLZ,1.3502199065455868e-09,TGO,2019
382,COD,Seeds and plant propagation industry,BLZ,0.0,TGO,2019
383,COD,Raising of cattle industry,BLZ,4.877010503006744e-07,TGO,2019
384,COD,Growing wheat industry,BOL,6.047737547723344e-08,TGO,2019
385,COD,Growing maize industry,BOL,0.0,TGO,2019
386,COD,Growing cereals n.e.c industry,BOL,0.0,TGO,2019
387,COD,Growing leguminous crops and oil seeds industry,BOL,2.092602155707558e-07,TGO,2019
388,COD,Growing rice industry,BOL,1.4162554015164976e-08,TGO,2019
389,COD,"Growing vegetables, roots, tubers industry",BOL,1.9651927952566218e-07,TGO,2019
390,COD,Growing sugar beet and cane industry,BOL,4.896525990029224e-07,TGO,2019
391,COD,Growing tobacco industry,BOL,3.7743978176471425e-10,TGO,2019
392,COD,Growing fibre crops industry,BOL,3.5128154402199346e-08,TGO,2019
393,COD,Growing crops n.e.c. industry,BOL,9.834521411980715e-08,TGO,2019
394,COD,Growing grapes industry,BOL,0.0,TGO,2019
395,COD,Growing fruits and nuts industry,BOL,1.3584576815080111e-08,TGO,2019
396,COD,"Growing beverage crops (coffee, tea etc) industry",BOL,8.108991808149017e-08,TGO,2019
397,COD,"Growing spices, aromatic, drug and pharmaceutical crops industry",BOL,9.867103849523214e-09,TGO,2019
398,COD,Seeds and plant propagation industry,BOL,0.0,TGO,2019
399,COD,Raising of cattle industry,BOL,3.607490595012684e-06,TGO,2019
400,COD,Growing wheat industry,BRA,1.516231019523088e-06,TGO,2019
401,COD,Growing maize industry,BRA,0.0,TGO,2019
402,COD,Growing cereals n.e.c industry,BRA,0.0,TGO,2019
403,COD,Growing leguminous crops and oil seeds industry,BRA,5.2369360807470375e-06,TGO,2019
404,COD,Growing rice industry,BRA,5.091541646088737e-07,TGO,2019
405,COD,"Growing vegetables, roots, tubers industry",BRA,4.742521801422138e-06,TGO,2019
406,COD,Growing sugar beet and cane industry,BRA,4.941279351116599e-07,TGO,2019
407,COD,Growing tobacco industry,BRA,2.038581087147409e-08,TGO,2019
408,COD,Growing fibre crops industry,BRA,2.075839821778396e-06,TGO,2019
409,COD,Growing crops n.e.c. industry,BRA,3.809857489403533e-06,TGO,2019
410,COD,Growing grapes industry,BRA,0.0,TGO,2019
411,COD,Growing fruits and nuts industry,BRA,4.704076013722622e-07,TGO,2019
412,COD,"Growing beverage crops (coffee, tea etc) industry",BRA,2.332701108998673e-06,TGO,2019
413,COD,"Growing spices, aromatic, drug and pharmaceutical crops industry",BRA,8.898155731645196e-07,TGO,2019
414,COD,Seeds and plant propagation industry,BRA,0.0,TGO,2019
415,COD,Raising of cattle industry,BRA,0.00014615029269278613,TGO,2019
416,COD,Growing wheat industry,BRN,2.0894231592928006e-08,TGO,2019
417,COD,Growing maize industry,BRN,0.0,TGO,2019
418,COD,Growing cereals n.e.c industry,BRN,0.0,TGO,2019
419,COD,Growing leguminous crops and oil seeds industry,BRN,5.2467392340511025e-08,TGO,2019
420,COD,Growing rice industry,BRN,7.088009145431644e-09,TGO,2019
421,COD,"Growing vegetables, roots, tubers industry",BRN,5.788048768291099e-08,TGO,2019
422,COD,Growing sugar beet and cane industry,BRN,7.528137090421002e-09,TGO,2019
423,COD,Growing tobacco industry,BRN,1.605901165932926e-10,TGO,2019
424,COD,Growing fibre crops industry,BRN,4.800351681439214e-08,TGO,2019
425,COD,Growing crops n.e.c. industry,BRN,5.30450897060566e-08,TGO,2019
426,COD,Growing grapes industry,BRN,0.0,TGO,2019
427,COD,Growing fruits and nuts industry,BRN,8.237251410189358e-09,TGO,2019
428,COD,"Growing beverage crops (coffee, tea etc) industry",BRN,2.4765558961311224e-08,TGO,2019
429,COD,"Growing spices, aromatic, drug and pharmaceutical crops industry",BRN,7.471488042973824e-09,TGO,2019
430,COD,Seeds and plant propagation industry,BRN,0.0,TGO,2019
431,COD,Raising of cattle industry,BRN,1.8955464465307528e-06,TGO,2019
432,COD,Growing wheat industry,BTN,1.123029620995033e-08,TGO,2019
433,COD,Growing maize industry,BTN,0.0,TGO,2019
434,COD,Growing cereals n.e.c industry,BTN,0.0,TGO,2019
435,COD,Growing leguminous crops and oil seeds industry,BTN,3.3968934056951104e-08,TGO,2019
436,COD,Growing rice industry,BTN,3.907572536301612e-09,TGO,2019
437,COD,"Growing vegetables, roots, tubers industry",BTN,2.4957843536560168e-08,TGO,2019
438,COD,Growing sugar beet and cane industry,BTN,1.639452945025669e-08,TGO,2019
439,COD,Growing tobacco industry,BTN,1.0879516864382767e-10,TGO,2019
440,COD,Growing fibre crops industry,BTN,6.609859385166843e-09,TGO,2019
441,COD,Growing crops n.e.c. industry,BTN,2.839985967289649e-08,TGO,2019
442,COD,Growing grapes industry,BTN,0.0,TGO,2019
443,COD,Growing fruits and nuts industry,BTN,1.8818041306251234e-09,TGO,2019
444,COD,"Growing beverage crops (coffee, tea etc) industry",BTN,1.2552315998469615e-08,TGO,2019
445,COD,"Growing spices, aromatic, drug and pharmaceutical crops industry",BTN,5.809619585952393e-09,TGO,2019
446,COD,Seeds and plant propagation industry,BTN,0.0,TGO,2019
447,COD,Raising of cattle industry,BTN,1.0911645154414415e-06,TGO,2019
448,COD,Growing wheat industry,BWA,1.1512480899933958e-07,TGO,2019
449,COD,Growing maize industry,BWA,0.0,TGO,2019
450,COD,Growing cereals n.e.c industry,BWA,0.0,TGO,2019
451,COD,Growing leguminous crops and oil seeds industry,BWA,2.8843884624020087e-07,TGO,2019
452,COD,Growing rice industry,BWA,3.7062708892725027e-08,TGO,2019
453,COD,"Growing vegetables, roots, tubers industry",BWA,2.828149474962518e-07,TGO,2019
454,COD,Growing sugar beet and cane industry,BWA,3.3085537276504275e-08,TGO,2019
455,COD,Growing tobacco industry,BWA,9.494237267206754e-10,TGO,2019
456,COD,Growing fibre crops industry,BWA,1.021534754393643e-07,TGO,2019
457,COD,Growing crops n.e.c. industry,BWA,2.678402453679891e-07,TGO,2019
458,COD,Growing grapes industry,BWA,0.0,TGO,2019
459,COD,Growing fruits and nuts industry,BWA,2.6878823391422983e-08,TGO,2019
460,COD,"Growing beverage crops (coffee, tea etc) industry",BWA,1.243283553504659e-07,TGO,2019
461,COD,"Growing spices, aromatic, drug and pharmaceutical crops industry",BWA,4.397163892515725e-08,TGO,2019
462,COD,Seeds and plant propagation industry,BWA,0.0,TGO,2019
463,COD,Raising of cattle industry,BWA,1.14501318145783e-05,TGO,2019
464,COD,Growing wheat industry,CAF,2.099790632555785e-08,TGO,2019
465,COD,Growing maize industry,CAF,0.0,TGO,2019
466,COD,Growing cereals n.e.c industry,CAF,0.0,TGO,2019
467,COD,Growing leguminous crops and oil seeds industry,CAF,4.956077159157491e-08,TGO,2019
468,COD,Growing rice industry,CAF,6.616699080170668e-09,TGO,2019
469,COD,"Growing vegetables, roots, tubers industry",CAF,7.997916041697778e-08,TGO,2019
470,COD,Growing sugar beet and cane industry,CAF,7.325760621531836e-09,TGO,2019
471,COD,Growing tobacco industry,CAF,1.3621876988569478e-10,TGO,2019
472,COD,Growing fibre crops industry,CAF,5.5457582258204155e-08,TGO,2019
473,COD,Growing crops n.e.c. industry,CAF,5.2099686080337835e-08,TGO,2019
474,COD,Growing grapes industry,CAF,0.0,TGO,2019
475,COD,Growing fruits and nuts industry,CAF,1.185710105147089e-08,TGO,2019
476,COD,"Growing beverage crops (coffee, tea etc) industry",CAF,3.343019332653678e-08,TGO,2019
477,COD,"Growing spices, aromatic, drug and pharmaceutical crops industry",CAF,6.945040048394867e-09,TGO,2019
478,COD,Seeds and plant propagation industry,CAF,0.0,TGO,2019
479,COD,Raising of cattle industry,CAF,1.8489458777741835e-06,TGO,2019
480,COD,Growing wheat industry,CAN,1.4205585975659758e-06,TGO,2019
481,COD,Growing maize industry,CAN,0.0,TGO,2019
482,COD,Growing cereals n.e.c industry,CAN,0.0,TGO,2019
483,COD,Growing leguminous crops and oil seeds industry,CAN,3.6325956405058117e-06,TGO,2019
484,COD,Growing rice industry,CAN,4.3095476088539394e-07,TGO,2019
485,COD,"Growing vegetables, roots, tubers industry",CAN,4.1236649375899705e-06,TGO,2019
486,COD,Growing sugar beet and cane industry,CAN,4.398671780948283e-07,TGO,2019
487,COD,Growing tobacco industry,CAN,1.2182133208294774e-08,TGO,2019
488,COD,Growing fibre crops industry,CAN,1.7414121751128366e-06,TGO,2019
489,COD,Growing crops n.e.c. industry,CAN,3.1819769765213925e-06,TGO,2019
490,COD,Growing grapes industry,CAN,0.0,TGO,2019
491,COD,Growing fruits and nuts industry,CAN,4.6406415851908914e-07,TGO,2019
492,COD,"Growing beverage crops (coffee, tea etc) industry",CAN,1.747592210764135e-06,TGO,2019
493,COD,"Growing spices, aromatic, drug and pharmaceutical crops industry",CAN,6.287824820834111e-07,TGO,2019
494,COD,Seeds and plant propagation industry,CAN,0.0,TGO,2019
495,COD,Raising of cattle industry,CAN,0.00013090999665161344,TGO,2019
496,COD,Growing wheat industry,CHE,8.056698218632703e-07,TGO,2019
497,COD,Growing maize industry,CHE,0.0,TGO,2019
498,COD,Growing cereals n.e.c industry,CHE,0.0,TGO,2019
499,COD,Growing leguminous crops and oil seeds industry,CHE,1.9648584836834373e-06,TGO,2019
500,COD,Growing rice industry,CHE,2.8572993283581804e-07,TGO,2019
501,COD,"Growing vegetables, roots, tubers industry",CHE,2.1041815517195373e-06,TGO,2019
502,COD,Growing sugar beet and cane industry,CHE,2.852388742373714e-07,TGO,2019
503,COD,Growing tobacco industry,CHE,5.874839040029797e-09,TGO,2019
504,COD,Growing fibre crops industry,CHE,1.0217967078915466e-06,TGO,2019
505,COD,Growing crops n.e.c. industry,CHE,2.113667823385649e-06,TGO,2019
506,COD,Growing grapes industry,CHE,0.0,TGO,2019
507,COD,Growing fruits and nuts industry,CHE,2.2744345537758428e-07,TGO,2019
508,COD,"Growing beverage crops (coffee, tea etc) industry",CHE,9.14457035887484e-07,TGO,2019
509,COD,"Growing spices, aromatic, drug and pharmaceutical crops industry",CHE,3.054998356471641e-07,TGO,2019
510,COD,Seeds and plant propagation industry,CHE,0.0,TGO,2019
511,COD,Raising of cattle industry,CHE,7.711921855643007e-05,TGO,2019
512,COD,Growing wheat industry,CHL,4.4901492158832455e-07,TGO,2019
513,COD,Growing maize industry,CHL,0.0,TGO,2019
514,COD,Growing cereals n.e.c industry,CHL,0.0,TGO,2019
515,COD,Growing leguminous crops and oil seeds industry,CHL,1.0296859635947678e-06,TGO,2019
516,COD,Growing rice industry,CHL,1.803026680940755e-07,TGO,2019
517,COD,"Growing vegetables, roots, tubers industry",CHL,6.595464135692576e-07,TGO,2019
518,COD,Growing sugar beet and cane industry,CHL,1.4573251213409686e-07,TGO,2019
519,COD,Growing tobacco industry,CHL,2.6553227666052537e-09,TGO,2019
520,COD,Growing fibre crops industry,CHL,2.37519024952178e-07,TGO,2019
521,COD,Growing crops n.e.c. industry,CHL,1.3471251115868203e-06,TGO,2019
522,COD,Growing grapes industry,CHL,0.0,TGO,2019
523,COD,Growing fruits and nuts industry,CHL,5.389158532978988e-08,TGO,2019
524,COD,"Growing beverage crops (coffee, tea etc) industry",CHL,3.0895301382282167e-07,TGO,2019
525,COD,"Growing spices, aromatic, drug and pharmaceutical crops industry",CHL,8.727744418025086e-08,TGO,2019
526,COD,Seeds and plant propagation industry,CHL,0.0,TGO,2019
527,COD,Raising of cattle industry,CHL,4.62660919318178e-05,TGO,2019
528,COD,Growing wheat industry,CHN,2.4373434244767015e-05,TGO,2019
529,COD,Growing maize industry,CHN,0.0,TGO,2019
530,COD,Growing cereals n.e.c industry,CHN,0.0,TGO,2019
531,COD,Growing leguminous crops and oil seeds industry,CHN,6.13970028316454e-05,TGO,2019
532,COD,Growing rice industry,CHN,9.581449318152892e-06,TGO,2019
533,COD,"Growing vegetables, roots, tubers industry",CHN,4.193520434702673e-05,TGO,2019
534,COD,Growing sugar beet and cane industry,CHN,7.893355807061174e-06,TGO,2019
535,COD,Growing tobacco industry,CHN,1.7812779104032788e-07,TGO,2019
536,COD,Growing fibre crops industry,CHN,1.2915762056649826e-05,TGO,2019
537,COD,Growing crops n.e.c. industry,CHN,6.922470818734988e-05,TGO,2019
538,COD,Growing grapes industry,CHN,0.0,TGO,2019
539,COD,Growing fruits and nuts industry,CHN,3.192408872685091e-06,TGO,2019
540,COD,"Growing beverage crops (coffee, tea etc) industry",CHN,1.9937240366473737e-05,TGO,2019
541,COD,"Growing spices, aromatic, drug and pharmaceutical crops industry",CHN,6.2487727510603165e-06,TGO,2019
542,COD,Seeds and plant propagation industry,CHN,0.0,TGO,2019
543,COD,Raising of cattle industry,CHN,0.002515951160607329,TGO,2019
544,COD,Growing wheat industry,CIV,3.126972703733946e-06,TGO,2019
545,COD,Growing maize industry,CIV,0.0,TGO,2019
546,COD,Growing cereals n.e.c industry,CIV,0.0,TGO,2019
547,COD,Growing leguminous crops and oil seeds industry,CIV,8.429840349290652e-06,TGO,2019
548,COD,Growing rice industry,CIV,1.1143796852779416e-06,TGO,2019
549,COD,"Growing vegetables, roots, tubers industry",CIV,1.0566965008865907e-05,TGO,2019
550,COD,Growing sugar beet and cane industry,CIV,2.2507321697643198e-06,TGO,2019
551,COD,Growing tobacco industry,CIV,2.6366725921947008e-08,TGO,2019
552,COD,Growing fibre crops industry,CIV,5.002068609900222e-06,TGO,2019
553,COD,Growing crops n.e.c. industry,CIV,8.502960996369723e-06,TGO,2019
554,COD,Growing grapes industry,CIV,0.0,TGO,2019
555,COD,Growing fruits and nuts industry,CIV,1.1347354602826039e-06,TGO,2019
556,COD,"Growing beverage crops (coffee, tea etc) industry",CIV,4.435158360648585e-06,TGO,2019
557,COD,"Growing spices, aromatic, drug and pharmaceutical crops industry",CIV,1.4496469773794984e-06,TGO,2019
558,COD,Seeds and plant propagation industry,CIV,0.0,TGO,2019
559,COD,Raising of cattle industry,CIV,0.0003138705955107918,TGO,2019
560,COD,Growing wheat industry,CMR,4.291414068853265e-07,TGO,2019
561,COD,Growing maize industry,CMR,0.0,TGO,2019
562,COD,Growing cereals n.e.c industry,CMR,0.0,TGO,2019
563,COD,Growing leguminous crops and oil seeds industry,CMR,1.1874805819845441e-06,TGO,2019
564,COD,Growing rice industry,CMR,1.5497414631269338e-07,TGO,2019
565,COD,"Growing vegetables, roots, tubers industry",CMR,1.3382637518509685e-06,TGO,2019
566,COD,Growing sugar beet and cane industry,CMR,1.5170954928385922e-07,TGO,2019
567,COD,Growing tobacco industry,CMR,4.110264319298071e-09,TGO,2019
568,COD,Growing fibre crops industry,CMR,9.403470907532738e-07,TGO,2019
569,COD,Growing crops n.e.c. industry,CMR,1.167921472306958e-06,TGO,2019
570,COD,Growing grapes industry,CMR,0.0,TGO,2019
571,COD,Growing fruits and nuts industry,CMR,1.575679208235241e-07,TGO,2019
572,COD,"Growing beverage crops (coffee, tea etc) industry",CMR,5.627325002142198e-07,TGO,2019
573,COD,"Growing spices, aromatic, drug and pharmaceutical crops industry",CMR,2.1869346657710055e-07,TGO,2019
574,COD,Seeds and plant propagation industry,CMR,0.0,TGO,2019
575,COD,Raising of cattle industry,CMR,5.327755618528651e-05,TGO,2019
576,COD,Growing wheat industry,COD,2.709841447315296e-07,TGO,2019
577,COD,Growing maize industry,COD,0.0,TGO,2019
578,COD,Growing cereals n.e.c industry,COD,0.0,TGO,2019
579,COD,Growing leguminous crops and oil seeds industry,COD,8.146344165055151e-07,TGO,2019
580,COD,Growing rice industry,COD,8.658813550203751e-08,TGO,2019
581,COD,"Growing vegetables, roots, tubers industry",COD,1.046796173673057e-06,TGO,2019
582,COD,Growing sugar beet and cane industry,COD,9.644818073144009e-08,TGO,2019
583,COD,Growing tobacco industry,COD,2.7718287440750512e-09,TGO,2019
584,COD,Growing fibre crops industry,COD,8.207258817252359e-07,TGO,2019
585,COD,Growing crops n.e.c. industry,COD,6.703993168924921e-07,TGO,2019
586,COD,Growing grapes industry,COD,0.0,TGO,2019
587,COD,Growing fruits and nuts industry,COD,1.4839236501494158e-07,TGO,2019
588,COD,"Growing beverage crops (coffee, tea etc) industry",COD,4.7111469873652033e-07,TGO,2019
589,COD,"Growing spices, aromatic, drug and pharmaceutical crops industry",COD,1.3742402566707263e-07,TGO,2019
590,COD,Seeds and plant propagation industry,COD,0.0,TGO,2019
591,COD,Raising of cattle industry,COD,2.4816582230911376e-05,TGO,2019
592,COD,Growing wheat industry,COG,5.360946171315466e-07,TGO,2019
593,COD,Growing maize industry,COG,0.0,TGO,2019
594,COD,Growing cereals n.e.c industry,COG,0.0,TGO,2019
595,COD,Growing leguminous crops and oil seeds industry,COG,1.246307143771971e-06,TGO,2019
596,COD,Growing rice industry,COG,1.988484526620405e-07,TGO,2019
597,COD,"Growing vegetables, roots, tubers industry",COG,1.5019034117588504e-06,TGO,2019
598,COD,Growing sugar beet and cane industry,COG,1.9465500332498108e-07,TGO,2019
599,COD,Growing tobacco industry,COG,3.1706587066721053e-09,TGO,2019
600,COD,Growing fibre crops industry,COG,9.375328588104284e-07,TGO,2019
601,COD,Growing crops n.e.c. industry,COG,1.5301681128404461e-06,TGO,2019
602,COD,Growing grapes industry,COG,0.0,TGO,2019
603,COD,Growing fruits and nuts industry,COG,1.675588601591311e-07,TGO,2019
604,COD,"Growing beverage crops (coffee, tea etc) industry",COG,5.892755701064076e-07,TGO,2019
605,COD,"Growing spices, aromatic, drug and pharmaceutical crops industry",COG,1.3819187553367194e-07,TGO,2019
606,COD,Seeds and plant propagation industry,COG,0.0,TGO,2019
607,COD,Raising of cattle industry,COG,5.2421110869135655e-05,TGO,2019
608,COD,Growing wheat industry,COL,1.9656732055440854e-07,TGO,2019
609,COD,Growing maize industry,COL,0.0,TGO,2019
610,COD,Growing cereals n.e.c industry,COL,0.0,TGO,2019
611,COD,Growing leguminous crops and oil seeds industry,COL,5.472680646916061e-07,TGO,2019
612,COD,Growing rice industry,COL,6.382894584631508e-08,TGO,2019
613,COD,"Growing vegetables, roots, tubers industry",COL,6.423890458162022e-07,TGO,2019
614,COD,Growing sugar beet and cane industry,COL,7.158164858226161e-08,TGO,2019
615,COD,Growing tobacco industry,COL,1.799560741985749e-09,TGO,2019
616,COD,Growing fibre crops industry,COL,6.596362893591057e-07,TGO,2019
617,COD,Growing crops n.e.c. industry,COL,4.857256490042143e-07,TGO,2019
618,COD,Growing grapes industry,COL,0.0,TGO,2019
619,COD,Growing fruits and nuts industry,COL,1.8994052016163286e-07,TGO,2019
620,COD,"Growing beverage crops (coffee, tea etc) industry",COL,2.8539007632436243e-07,TGO,2019
621,COD,"Growing spices, aromatic, drug and pharmaceutical crops industry",COL,8.593245226917557e-08,TGO,2019
622,COD,Seeds and plant propagation industry,COL,0.0,TGO,2019
623,COD,Raising of cattle industry,COL,1.743974793186189e-05,TGO,2019
624,COD,Growing wheat industry,CRI,3.0554232781637515e-08,TGO,2019
625,COD,Growing maize industry,CRI,0.0,TGO,2019
626,COD,Growing cereals n.e.c industry,CRI,0.0,TGO,2019
627,COD,Growing leguminous crops and oil seeds industry,CRI,8.830573611753226e-08,TGO,2019
628,COD,Growing rice industry,CRI,1.1630310549772488e-08,TGO,2019
629,COD,"Growing vegetables, roots, tubers industry",CRI,6.854909297763488e-08,TGO,2019
630,COD,Growing sugar beet and cane industry,CRI,1.004978037739526e-08,TGO,2019
631,COD,Growing tobacco industry,CRI,2.962634126578062e-10,TGO,2019
632,COD,Growing fibre crops industry,CRI,2.645683820985833e-08,TGO,2019
633,COD,Growing crops n.e.c. industry,CRI,8.552772024091762e-08,TGO,2019
634,COD,Growing grapes industry,CRI,0.0,TGO,2019
635,COD,Growing fruits and nuts industry,CRI,6.858606942806332e-09,TGO,2019
636,COD,"Growing beverage crops (coffee, tea etc) industry",CRI,3.331173585722304e-08,TGO,2019
637,COD,"Growing spices, aromatic, drug and pharmaceutical crops industry",CRI,1.2206425174464162e-08,TGO,2019
638,COD,Seeds and plant propagation industry,CRI,0.0,TGO,2019
639,COD,Raising of cattle industry,CRI,3.1091967213160382e-06,TGO,2019
640,COD,Growing wheat industry,CUB,3.3334497052770486e-08,TGO,2019
641,COD,Growing maize industry,CUB,0.0,TGO,2019
642,COD,Growing cereals n.e.c industry,CUB,0.0,TGO,2019
643,COD,Growing leguminous crops and oil seeds industry,CUB,8.758048567310005e-08,TGO,2019
644,COD,Growing rice industry,CUB,1.271019891529013e-08,TGO,2019
645,COD,"Growing vegetables, roots, tubers industry",CUB,7.300389859911893e-08,TGO,2019
646,COD,Growing sugar beet and cane industry,CUB,1.0864714674659297e-08,TGO,2019
647,COD,Growing tobacco industry,CUB,2.738267084574819e-10,TGO,2019
648,COD,Growing fibre crops industry,CUB,3.014472801761996e-08,TGO,2019
649,COD,Growing crops n.e.c. industry,CUB,9.373003559531882e-08,TGO,2019
650,COD,Growing grapes industry,CUB,0.0,TGO,2019
651,COD,Growing fruits and nuts industry,CUB,7.113349472336708e-09,TGO,2019
652,COD,"Growing beverage crops (coffee, tea etc) industry",CUB,3.3731653112813273e-08,TGO,2019
653,COD,"Growing spices, aromatic, drug and pharmaceutical crops industry",CUB,1.2409088861269403e-08,TGO,2019
654,COD,Seeds and plant propagation industry,CUB,0.0,TGO,2019
655,COD,Raising of cattle industry,CUB,3.399899145989298e-06,TGO,2019
656,COD,Growing wheat industry,CYP,8.197465168147317e-08,TGO,2019
657,COD,Growing maize industry,CYP,0.0,TGO,2019
658,COD,Growing cereals n.e.c industry,CYP,0.0,TGO,2019
659,COD,Growing leguminous crops and oil seeds industry,CYP,1.7088991890704953e-07,TGO,2019
660,COD,Growing rice industry,CYP,3.351852187857522e-08,TGO,2019
661,COD,"Growing vegetables, roots, tubers industry",CYP,1.0332012685574779e-07,TGO,2019
662,COD,Growing sugar beet and cane industry,CYP,2.6445167724054212e-08,TGO,2019
663,COD,Growing tobacco industry,CYP,3.793278454614872e-10,TGO,2019
664,COD,Growing fibre crops industry,CYP,3.50978617008392e-08,TGO,2019
665,COD,Growing crops n.e.c. industry,CYP,2.405025745220252e-07,TGO,2019
666,COD,Growing grapes industry,CYP,0.0,TGO,2019
667,COD,Growing fruits and nuts industry,CYP,7.422155973955807e-09,TGO,2019
668,COD,"Growing beverage crops (coffee, tea etc) industry",CYP,4.617913295598703e-08,TGO,2019
669,COD,"Growing spices, aromatic, drug and pharmaceutical crops industry",CYP,1.0708982153847985e-08,TGO,2019
670,COD,Seeds and plant propagation industry,CYP,0.0,TGO,2019
671,COD,Raising of cattle industry,CYP,8.667623595603886e-06,TGO,2019
672,COD,Growing wheat industry,CZE,4.4974679853967264e-07,TGO,2019
673,COD,Growing maize industry,CZE,0.0,TGO,2019
674,COD,Growing cereals n.e.c industry,CZE,0.0,TGO,2019
675,COD,Growing leguminous crops and oil seeds industry,CZE,9.618321593511931e-07,TGO,2019
676,COD,Growing rice industry,CZE,1.8051390812687382e-07,TGO,2019
677,COD,"Growing vegetables, roots, tubers industry",CZE,7.506933870562566e-07,TGO,2019
678,COD,Growing sugar beet and cane industry,CZE,1.5078832349048043e-07,TGO,2019
679,COD,Growing tobacco industry,CZE,2.282202841391134e-09,TGO,2019
680,COD,Growing fibre crops industry,CZE,2.618010272129578e-07,TGO,2019
681,COD,Growing crops n.e.c. industry,CZE,1.3178754622312885e-06,TGO,2019
682,COD,Growing grapes industry,CZE,0.0,TGO,2019
683,COD,Growing fruits and nuts industry,CZE,6.345038998055328e-08,TGO,2019
684,COD,"Growing beverage crops (coffee, tea etc) industry",CZE,3.1580578904060156e-07,TGO,2019
685,COD,"Growing spices, aromatic, drug and pharmaceutical crops industry",CZE,9.692888813437198e-08,TGO,2019
686,COD,Seeds and plant propagation industry,CZE,0.0,TGO,2019
687,COD,Raising of cattle industry,CZE,4.621857184639588e-05,TGO,2019
688,COD,Growing wheat industry,DEU,3.845049567359871e-06,TGO,2019
689,COD,Growing maize industry,DEU,0.0,TGO,2019
690,COD,Growing cereals n.e.c industry,DEU,0.0,TGO,2019
691,COD,Growing leguminous crops and oil seeds industry,DEU,9.596399878521422e-06,TGO,2019
692,COD,Growing rice industry,DEU,1.4392226413754948e-06,TGO,2019
693,COD,"Growing vegetables, roots, tubers industry",DEU,9.762865015860968e-06,TGO,2019
694,COD,Growing sugar beet and cane industry,DEU,1.3342183303944748e-06,TGO,2019
695,COD,Growing tobacco industry,DEU,2.900152710051139e-08,TGO,2019
696,COD,Growing fibre crops industry,DEU,3.404719809148862e-06,TGO,2019
697,COD,Growing crops n.e.c. industry,DEU,1.0685797142325605e-05,TGO,2019
698,COD,Growing grapes industry,DEU,0.0,TGO,2019
699,COD,Growing fruits and nuts industry,DEU,9.274345527347922e-07,TGO,2019
700,COD,"Growing beverage crops (coffee, tea etc) industry",DEU,4.081020716879353e-06,TGO,2019
701,COD,"Growing spices, aromatic, drug and pharmaceutical crops industry",DEU,1.5285999688164086e-06,TGO,2019
702,COD,Seeds and plant propagation industry,DEU,0.0,TGO,2019
703,COD,Raising of cattle industry,DEU,0.0003710864228902292,TGO,2019
704,COD,Growing wheat industry,DJI,2.0791205712938506e-08,TGO,2019
705,COD,Growing maize industry,DJI,0.0,TGO,2019
706,COD,Growing cereals n.e.c industry,DJI,0.0,TGO,2019
707,COD,Growing leguminous crops and oil seeds industry,DJI,4.746555717835088e-08,TGO,2019
708,COD,Growing rice industry,DJI,7.46268141849423e-09,TGO,2019
709,COD,"Growing vegetables, roots, tubers industry",DJI,5.708718090374772e-08,TGO,2019
710,COD,Growing sugar beet and cane industry,DJI,2.081506050863348e-08,TGO,2019
711,COD,Growing tobacco industry,DJI,1.1372230081487672e-10,TGO,2019
712,COD,Growing fibre crops industry,DJI,3.319342719070999e-08,TGO,2019
713,COD,Growing crops n.e.c. industry,DJI,5.522242167931876e-08,TGO,2019
714,COD,Growing grapes industry,DJI,0.0,TGO,2019
715,COD,Growing fruits and nuts industry,DJI,9.893422799803351e-09,TGO,2019
716,COD,"Growing beverage crops (coffee, tea etc) industry",DJI,2.114386577043673e-08,TGO,2019
717,COD,"Growing spices, aromatic, drug and pharmaceutical crops industry",DJI,6.318611411683802e-09,TGO,2019
718,COD,Seeds and plant propagation industry,DJI,0.0,TGO,2019
719,COD,Raising of cattle industry,DJI,1.940049061692784e-06,TGO,2019
720,COD,Growing wheat industry,DYE,0.0,TGO,2019
721,COD,Growing maize industry,DYE,0.0,TGO,2019
722,COD,Growing cereals n.e.c industry,DYE,0.0,TGO,2019
723,COD,Growing leguminous crops and oil seeds industry,DYE,0.0,TGO,2019
724,COD,Growing rice industry,DYE,0.0,TGO,2019
725,COD,"Growing vegetables, roots, tubers industry",DYE,0.0,TGO,2019
726,COD,Growing sugar beet and cane industry,DYE,0.0,TGO,2019
727,COD,Growing tobacco industry,DYE,0.0,TGO,2019
728,COD,Growing fibre crops industry,DYE,0.0,TGO,2019
729,COD,Growing crops n.e.c. industry,DYE,0.0,TGO,2019
730,COD,Growing grapes industry,DYE,0.0,TGO,2019
731,COD,Growing fruits and nuts industry,DYE,0.0,TGO,2019
732,COD,"Growing beverage crops (coffee, tea etc) industry",DYE,0.0,TGO,2019
733,COD,"Growing spices, aromatic, drug and pharmaceutical crops industry",DYE,0.0,TGO,2019
734,COD,Seeds and plant propagation industry,DYE,0.0,TGO,2019
735,COD,Raising of cattle industry,DYE,0.0,TGO,2019
736,COD,Growing wheat industry,DNK,6.758631471370512e-07,TGO,2019
737,COD,Growing maize industry,DNK,0.0,TGO,2019
738,COD,Growing cereals n.e.c industry,DNK,0.0,TGO,2019
739,COD,Growing leguminous crops and oil seeds industry,DNK,1.5208575803927742e-06,TGO,2019
740,COD,Growing rice industry,DNK,2.6834286240813196e-07,TGO,2019
741,COD,"Growing vegetables, roots, tubers industry",DNK,1.534416275158663e-06,TGO,2019
742,COD,Growing sugar beet and cane industry,DNK,2.3480423017577625e-07,TGO,2019
743,COD,Growing tobacco industry,DNK,3.895552078824897e-09,TGO,2019
744,COD,Growing fibre crops industry,DNK,8.367493057880944e-07,TGO,2019
745,COD,Growing crops n.e.c. industry,DNK,1.9648281634102574e-06,TGO,2019
746,COD,Growing grapes industry,DNK,0.0,TGO,2019
747,COD,Growing fruits and nuts industry,DNK,1.6748269871157846e-07,TGO,2019
748,COD,"Growing beverage crops (coffee, tea etc) industry",DNK,6.320428937122882e-07,TGO,2019
749,COD,"Growing spices, aromatic, drug and pharmaceutical crops industry",DNK,1.913138818489172e-07,TGO,2019
750,COD,Seeds and plant propagation industry,DNK,0.0,TGO,2019
751,COD,Raising of cattle industry,DNK,6.955307250647977e-05,TGO,2019
752,COD,Growing wheat industry,DOM,9.291965780913385e-08,TGO,2019
753,COD,Growing maize industry,DOM,0.0,TGO,2019
754,COD,Growing cereals n.e.c industry,DOM,0.0,TGO,2019
755,COD,Growing leguminous crops and oil seeds industry,DOM,4.882321581101541e-07,TGO,2019
756,COD,Growing rice industry,DOM,3.148593404173867e-08,TGO,2019
757,COD,"Growing vegetables, roots, tubers industry",DOM,3.2052950169684994e-07,TGO,2019
758,COD,Growing sugar beet and cane industry,DOM,3.0533709283484e-08,TGO,2019
759,COD,Growing tobacco industry,DOM,2.2369893736896602e-09,TGO,2019
760,COD,Growing fibre crops industry,DOM,7.767817795380775e-08,TGO,2019
761,COD,Growing crops n.e.c. industry,DOM,2.329583893251949e-07,TGO,2019
762,COD,Growing grapes industry,DOM,0.0,TGO,2019
763,COD,Growing fruits and nuts industry,DOM,2.1553697554192086e-08,TGO,2019
764,COD,"Growing beverage crops (coffee, tea etc) industry",DOM,1.9540165753166322e-07,TGO,2019
765,COD,"Growing spices, aromatic, drug and pharmaceutical crops industry",DOM,8.461554993359746e-08,TGO,2019
766,COD,Seeds and plant propagation industry,DOM,0.0,TGO,2019
767,COD,Raising of cattle industry,DOM,9.255501705857248e-06,TGO,2019
768,COD,Growing wheat industry,DZA,7.912153643148545e-07,TGO,2019
769,COD,Growing maize industry,DZA,0.0,TGO,2019
770,COD,Growing cereals n.e.c industry,DZA,0.0,TGO,2019
771,COD,Growing leguminous crops and oil seeds industry,DZA,1.8138408302425292e-06,TGO,2019
772,COD,Growing rice industry,DZA,2.439504186572893e-07,TGO,2019
773,COD,"Growing vegetables, roots, tubers industry",DZA,2.307068321948479e-06,TGO,2019
774,COD,Growing sugar beet and cane industry,DZA,2.7103506994320944e-07,TGO,2019
775,COD,Growing tobacco industry,DZA,5.373925266845176e-09,TGO,2019
776,COD,Growing fibre crops industry,DZA,6.983097225981308e-07,TGO,2019
777,COD,Growing crops n.e.c. industry,DZA,1.8060975170558681e-06,TGO,2019
778,COD,Growing grapes industry,DZA,0.0,TGO,2019
779,COD,Growing fruits and nuts industry,DZA,2.0559537921199205e-07,TGO,2019
780,COD,"Growing beverage crops (coffee, tea etc) industry",DZA,8.922811250105763e-07,TGO,2019
781,COD,"Growing spices, aromatic, drug and pharmaceutical crops industry",DZA,2.829188449064414e-07,TGO,2019
782,COD,Seeds and plant propagation industry,DZA,0.0,TGO,2019
783,COD,Raising of cattle industry,DZA,6.162803025978643e-05,TGO,2019
784,COD,Growing wheat industry,ECU,8.54159825932317e-08,TGO,2019
785,COD,Growing maize industry,ECU,0.0,TGO,2019
786,COD,Growing cereals n.e.c industry,ECU,0.0,TGO,2019
787,COD,Growing leguminous crops and oil seeds industry,ECU,2.622608348578116e-07,TGO,2019
788,COD,Growing rice industry,ECU,3.128546669961248e-08,TGO,2019
789,COD,"Growing vegetables, roots, tubers industry",ECU,2.2277645954427397e-07,TGO,2019
790,COD,Growing sugar beet and cane industry,ECU,2.8113298363840148e-08,TGO,2019
791,COD,Growing tobacco industry,ECU,9.281262795108794e-10,TGO,2019
792,COD,Growing fibre crops industry,ECU,9.621588535992766e-08,TGO,2019
793,COD,Growing crops n.e.c. industry,ECU,2.3296580228895663e-07,TGO,2019
794,COD,Growing grapes industry,ECU,0.0,TGO,2019
795,COD,Growing fruits and nuts industry,ECU,2.4136429257119938e-08,TGO,2019
796,COD,"Growing beverage crops (coffee, tea etc) industry",ECU,1.0868120899604591e-07,TGO,2019
797,COD,"Growing spices, aromatic, drug and pharmaceutical crops industry",ECU,3.8690874685772186e-08,TGO,2019
798,COD,Seeds and plant propagation industry,ECU,0.0,TGO,2019
799,COD,Raising of cattle industry,ECU,8.577113923352418e-06,TGO,2019
800,COD,Growing wheat industry,EGY,4.6294338591639694e-07,TGO,2019
801,COD,Growing maize industry,EGY,0.0,TGO,2019
802,COD,Growing cereals n.e.c industry,EGY,0.0,TGO,2019
803,COD,Growing leguminous crops and oil seeds industry,EGY,1.0594790265545642e-06,TGO,2019
804,COD,Growing rice industry,EGY,1.8096593061423004e-07,TGO,2019
805,COD,"Growing vegetables, roots, tubers industry",EGY,1.3706101587209392e-06,TGO,2019
806,COD,Growing sugar beet and cane industry,EGY,1.7324259340283563e-07,TGO,2019
807,COD,Growing tobacco industry,EGY,2.728585690125219e-09,TGO,2019
808,COD,Growing fibre crops industry,EGY,1.100616271320873e-06,TGO,2019
809,COD,Growing crops n.e.c. industry,EGY,1.3577193985317402e-06,TGO,2019
810,COD,Growing grapes industry,EGY,0.0,TGO,2019
811,COD,Growing fruits and nuts industry,EGY,1.659777815355827e-07,TGO,2019
812,COD,"Growing beverage crops (coffee, tea etc) industry",EGY,4.977218851587221e-07,TGO,2019
813,COD,"Growing spices, aromatic, drug and pharmaceutical crops industry",EGY,1.6356663837987242e-07,TGO,2019
814,COD,Seeds and plant propagation industry,EGY,0.0,TGO,2019
815,COD,Raising of cattle industry,EGY,4.6858556214037344e-05,TGO,2019
816,COD,Growing wheat industry,ERI,1.0501259078039012e-08,TGO,2019
817,COD,Growing maize industry,ERI,0.0,TGO,2019
818,COD,Growing cereals n.e.c industry,ERI,0.0,TGO,2019
819,COD,Growing leguminous crops and oil seeds industry,ERI,2.3126387440552492e-08,TGO,2019
820,COD,Growing rice industry,ERI,4.3861474595303765e-09,TGO,2019
821,COD,"Growing vegetables, roots, tubers industry",ERI,1.972711602481339e-08,TGO,2019
822,COD,Growing sugar beet and cane industry,ERI,3.513634456810862e-09,TGO,2019
823,COD,Growing tobacco industry,ERI,5.6817699489327216e-11,TGO,2019
824,COD,Growing fibre crops industry,ERI,8.728543142948418e-09,TGO,2019
825,COD,Growing crops n.e.c. industry,ERI,3.247610168052701e-08,TGO,2019
826,COD,Growing grapes industry,ERI,0.0,TGO,2019
827,COD,Growing fruits and nuts industry,ERI,1.835149493812402e-09,TGO,2019
828,COD,"Growing beverage crops (coffee, tea etc) industry",ERI,8.291198369801016e-09,TGO,2019
829,COD,"Growing spices, aromatic, drug and pharmaceutical crops industry",ERI,2.7649086696771107e-09,TGO,2019
830,COD,Seeds and plant propagation industry,ERI,0.0,TGO,2019
831,COD,Raising of cattle industry,ERI,1.1043609887447447e-06,TGO,2019
832,COD,Growing wheat industry,ESP,1.9587380925730556e-06,TGO,2019
833,COD,Growing maize industry,ESP,0.0,TGO,2019
834,COD,Growing cereals n.e.c industry,ESP,0.0,TGO,2019
835,COD,Growing leguminous crops and oil seeds industry,ESP,5.401123485249993e-06,TGO,2019
836,COD,Growing rice industry,ESP,7.376091969269576e-07,TGO,2019
837,COD,"Growing vegetables, roots, tubers industry",ESP,5.426927775810815e-06,TGO,2019
838,COD,Growing sugar beet and cane industry,ESP,6.827539408565269e-07,TGO,2019
839,COD,Growing tobacco industry,ESP,1.7686336772056114e-08,TGO,2019
840,COD,Growing fibre crops industry,ESP,2.997800659254814e-06,TGO,2019
841,COD,Growing crops n.e.c. industry,ESP,5.56674831406596e-06,TGO,2019
842,COD,Growing grapes industry,ESP,0.0,TGO,2019
843,COD,Growing fruits and nuts industry,ESP,5.33540722874099e-07,TGO,2019
844,COD,"Growing beverage crops (coffee, tea etc) industry",ESP,2.3965649125788118e-06,TGO,2019
845,COD,"Growing spices, aromatic, drug and pharmaceutical crops industry",ESP,9.121655593490231e-07,TGO,2019
846,COD,Seeds and plant propagation industry,ESP,0.0,TGO,2019
847,COD,Raising of cattle industry,ESP,0.00020036889240500845,TGO,2019
848,COD,Growing wheat industry,EST,1.0996134215962824e-07,TGO,2019
849,COD,Growing maize industry,EST,0.0,TGO,2019
850,COD,Growing cereals n.e.c industry,EST,0.0,TGO,2019
851,COD,Growing leguminous crops and oil seeds industry,EST,2.447914558731653e-07,TGO,2019
852,COD,Growing rice industry,EST,3.0353622648820435e-08,TGO,2019
853,COD,"Growing vegetables, roots, tubers industry",EST,3.7519738258874047e-07,TGO,2019
854,COD,Growing sugar beet and cane industry,EST,3.754125909045829e-08,TGO,2019
855,COD,Growing tobacco industry,EST,7.43320568785011e-10,TGO,2019
856,COD,Growing fibre crops industry,EST,1.5128619088812365e-07,TGO,2019
857,COD,Growing crops n.e.c. industry,EST,2.28008039160669e-07,TGO,2019
858,COD,Growing grapes industry,EST,0.0,TGO,2019
859,COD,Growing fruits and nuts industry,EST,4.7461744967396405e-08,TGO,2019
860,COD,"Growing beverage crops (coffee, tea etc) industry",EST,1.4232721463605153e-07,TGO,2019
861,COD,"Growing spices, aromatic, drug and pharmaceutical crops industry",EST,4.899519978192088e-08,TGO,2019
862,COD,Seeds and plant propagation industry,EST,0.0,TGO,2019
863,COD,Raising of cattle industry,EST,8.099074958445595e-06,TGO,2019
864,COD,Growing wheat industry,ETH,3.255478417640792e-07,TGO,2019
865,COD,Growing maize industry,ETH,0.0,TGO,2019
866,COD,Growing cereals n.e.c industry,ETH,0.0,TGO,2019
867,COD,Growing leguminous crops and oil seeds industry,ETH,1.143750867060463e-06,TGO,2019
868,COD,Growing rice industry,ETH,7.176130992422688e-08,TGO,2019
869,COD,"Growing vegetables, roots, tubers industry",ETH,1.1106860803197754e-06,TGO,2019
870,COD,Growing sugar beet and cane industry,ETH,2.9187342549701556e-06,TGO,2019
871,COD,Growing tobacco industry,ETH,1.8893970488431676e-09,TGO,2019
872,COD,Growing fibre crops industry,ETH,1.773507715838639e-07,TGO,2019
873,COD,Growing crops n.e.c. industry,ETH,4.950412996662399e-07,TGO,2019
874,COD,Growing grapes industry,ETH,0.0,TGO,2019
875,COD,Growing fruits and nuts industry,ETH,7.424766349857395e-08,TGO,2019
876,COD,"Growing beverage crops (coffee, tea etc) industry",ETH,4.488539843210695e-07,TGO,2019
877,COD,"Growing spices, aromatic, drug and pharmaceutical crops industry",ETH,5.014997756503952e-08,TGO,2019
878,COD,Seeds and plant propagation industry,ETH,0.0,TGO,2019
879,COD,Raising of cattle industry,ETH,1.787772659851039e-05,TGO,2019
880,COD,Growing wheat industry,FIN,1.3726342544719907e-07,TGO,2019
881,COD,Growing maize industry,FIN,0.0,TGO,2019
882,COD,Growing cereals n.e.c industry,FIN,0.0,TGO,2019
883,COD,Growing leguminous crops and oil seeds industry,FIN,3.42287649360656e-07,TGO,2019
884,COD,Growing rice industry,FIN,5.162240047162635e-08,TGO,2019
885,COD,"Growing vegetables, roots, tubers industry",FIN,3.1050908127765697e-07,TGO,2019
886,COD,Growing sugar beet and cane industry,FIN,4.619193671479182e-08,TGO,2019
887,COD,Growing tobacco industry,FIN,1.0321398709540355e-09,TGO,2019
888,COD,Growing fibre crops industry,FIN,1.1481988909363673e-07,TGO,2019
889,COD,Growing crops n.e.c. industry,FIN,3.8071390210501635e-07,TGO,2019
890,COD,Growing grapes industry,FIN,0.0,TGO,2019
891,COD,Growing fruits and nuts industry,FIN,3.0241473134551986e-08,TGO,2019
892,COD,"Growing beverage crops (coffee, tea etc) industry",FIN,1.3689887319260974e-07,TGO,2019
893,COD,"Growing spices, aromatic, drug and pharmaceutical crops industry",FIN,5.0925183109912004e-08,TGO,2019
894,COD,Seeds and plant propagation industry,FIN,0.0,TGO,2019
895,COD,Raising of cattle industry,FIN,1.3690472905691721e-05,TGO,2019
896,COD,Growing wheat industry,FRA,3.4792616140269155e-06,TGO,2019
897,COD,Growing maize industry,FRA,0.0,TGO,2019
898,COD,Growing cereals n.e.c industry,FRA,0.0,TGO,2019
899,COD,Growing leguminous crops and oil seeds industry,FRA,9.157397673179008e-06,TGO,2019
900,COD,Growing rice industry,FRA,1.238285078910949e-06,TGO,2019
901,COD,"Growing vegetables, roots, tubers industry",FRA,1.0312307496083054e-05,TGO,2019
902,COD,Growing sugar beet and cane industry,FRA,1.4090864753059942e-06,TGO,2019
903,COD,Growing tobacco industry,FRA,2.911287967799236e-08,TGO,2019
904,COD,Growing fibre crops industry,FRA,4.458709853703915e-06,TGO,2019
905,COD,Growing crops n.e.c. industry,FRA,9.239246920479564e-06,TGO,2019
906,COD,Growing grapes industry,FRA,0.0,TGO,2019
907,COD,Growing fruits and nuts industry,FRA,1.036059961634235e-06,TGO,2019
908,COD,"Growing beverage crops (coffee, tea etc) industry",FRA,4.346957109790884e-06,TGO,2019
909,COD,"Growing spices, aromatic, drug and pharmaceutical crops industry",FRA,1.538218613881811e-06,TGO,2019
910,COD,Seeds and plant propagation industry,FRA,0.0,TGO,2019
911,COD,Raising of cattle industry,FRA,0.00034198920878742795,TGO,2019
912,COD,Growing wheat industry,GAB,9.667755840547162e-07,TGO,2019
913,COD,Growing maize industry,GAB,0.0,TGO,2019
914,COD,Growing cereals n.e.c industry,GAB,0.0,TGO,2019
915,COD,Growing leguminous crops and oil seeds industry,GAB,3.003387696025865e-06,TGO,2019
916,COD,Growing rice industry,GAB,3.1895003623356415e-07,TGO,2019
917,COD,"Growing vegetables, roots, tubers industry",GAB,4.480809398797175e-06,TGO,2019
918,COD,Growing sugar beet and cane industry,GAB,4.032343708357027e-07,TGO,2019
919,COD,Growing tobacco industry,GAB,9.641029604218765e-09,TGO,2019
920,COD,Growing fibre crops industry,GAB,3.7912313383514392e-06,TGO,2019
921,COD,Growing crops n.e.c. industry,GAB,2.6847791651767786e-06,TGO,2019
922,COD,Growing grapes industry,GAB,0.0,TGO,2019
923,COD,Growing fruits and nuts industry,GAB,5.745160956403005e-07,TGO,2019
924,COD,"Growing beverage crops (coffee, tea etc) industry",GAB,1.8959622153059032e-06,TGO,2019
925,COD,"Growing spices, aromatic, drug and pharmaceutical crops industry",GAB,5.469184529198213e-07,TGO,2019
926,COD,Seeds and plant propagation industry,GAB,0.0,TGO,2019
927,COD,Raising of cattle industry,GAB,8.504216959261446e-05,TGO,2019
928,COD,Growing wheat industry,GBR,2.065520908329336e-06,TGO,2019
929,COD,Growing maize industry,GBR,0.0,TGO,2019
930,COD,Growing cereals n.e.c industry,GBR,0.0,TGO,2019
931,COD,Growing leguminous crops and oil seeds industry,GBR,5.899370248156837e-06,TGO,2019
932,COD,Growing rice industry,GBR,7.443380120338918e-07,TGO,2019
933,COD,"Growing vegetables, roots, tubers industry",GBR,5.368527992047157e-06,TGO,2019
934,COD,Growing sugar beet and cane industry,GBR,7.129608119647096e-07,TGO,2019
935,COD,Growing tobacco industry,GBR,1.9991196421030266e-08,TGO,2019
936,COD,Growing fibre crops industry,GBR,2.3100437245488377e-06,TGO,2019
937,COD,Growing crops n.e.c. industry,GBR,5.563832446029048e-06,TGO,2019
938,COD,Growing grapes industry,GBR,0.0,TGO,2019
939,COD,Growing fruits and nuts industry,GBR,5.506936310124845e-07,TGO,2019
940,COD,"Growing beverage crops (coffee, tea etc) industry",GBR,2.551856735052513e-06,TGO,2019
941,COD,"Growing spices, aromatic, drug and pharmaceutical crops industry",GBR,9.78640726415418e-07,TGO,2019
942,COD,Seeds and plant propagation industry,GBR,0.0,TGO,2019
943,COD,Raising of cattle industry,GBR,0.00020541685875164858,TGO,2019
944,COD,Growing wheat industry,GEO,6.519539719445757e-08,TGO,2019
945,COD,Growing maize industry,GEO,0.0,TGO,2019
946,COD,Growing cereals n.e.c industry,GEO,0.0,TGO,2019
947,COD,Growing leguminous crops and oil seeds industry,GEO,1.594246113420878e-07,TGO,2019
948,COD,Growing rice industry,GEO,2.565470752321371e-08,TGO,2019
949,COD,"Growing vegetables, roots, tubers industry",GEO,1.5882100462252449e-07,TGO,2019
950,COD,Growing sugar beet and cane industry,GEO,2.217074069486171e-08,TGO,2019
951,COD,Growing tobacco industry,GEO,4.5770148906083175e-10,TGO,2019
952,COD,Growing fibre crops industry,GEO,7.764831310410295e-08,TGO,2019
953,COD,Growing crops n.e.c. industry,GEO,1.9290052103464936e-07,TGO,2019
954,COD,Growing grapes industry,GEO,0.0,TGO,2019
955,COD,Growing fruits and nuts industry,GEO,1.7695073265870332e-08,TGO,2019
956,COD,"Growing beverage crops (coffee, tea etc) industry",GEO,6.935721280647152e-08,TGO,2019
957,COD,"Growing spices, aromatic, drug and pharmaceutical crops industry",GEO,2.317787847015826e-08,TGO,2019
958,COD,Seeds and plant propagation industry,GEO,0.0,TGO,2019
959,COD,Raising of cattle industry,GEO,6.591478648696425e-06,TGO,2019
960,COD,Growing wheat industry,GHA,2.5183607397603696e-05,TGO,2019
961,COD,Growing maize industry,GHA,0.0,TGO,2019
962,COD,Growing cereals n.e.c industry,GHA,0.0,TGO,2019
963,COD,Growing leguminous crops and oil seeds industry,GHA,5.112885048286077e-05,TGO,2019
964,COD,Growing rice industry,GHA,1.0259384821446643e-05,TGO,2019
965,COD,"Growing vegetables, roots, tubers industry",GHA,3.930863908227544e-05,TGO,2019
966,COD,Growing sugar beet and cane industry,GHA,8.098870438927968e-06,TGO,2019
967,COD,Growing tobacco industry,GHA,1.2140501837804788e-07,TGO,2019
968,COD,Growing fibre crops industry,GHA,1.6190461926601925e-05,TGO,2019
969,COD,Growing crops n.e.c. industry,GHA,7.410615362261357e-05,TGO,2019
970,COD,Growing grapes industry,GHA,0.0,TGO,2019
971,COD,Growing fruits and nuts industry,GHA,3.312099194402687e-06,TGO,2019
972,COD,"Growing beverage crops (coffee, tea etc) industry",GHA,1.6179024062833363e-05,TGO,2019
973,COD,"Growing spices, aromatic, drug and pharmaceutical crops industry",GHA,5.685593949109456e-06,TGO,2019
974,COD,Seeds and plant propagation industry,GHA,0.0,TGO,2019
975,COD,Raising of cattle industry,GHA,0.0030397163636326167,TGO,2019
976,COD,Growing wheat industry,GIN,9.030273176950763e-07,TGO,2019
977,COD,Growing maize industry,GIN,0.0,TGO,2019
978,COD,Growing cereals n.e.c industry,GIN,0.0,TGO,2019
979,COD,Growing leguminous crops and oil seeds industry,GIN,1.8936042211178627e-06,TGO,2019
980,COD,Growing rice industry,GIN,3.630440911445023e-07,TGO,2019
981,COD,"Growing vegetables, roots, tubers industry",GIN,1.286868552862957e-06,TGO,2019
982,COD,Growing sugar beet and cane industry,GIN,5.469031638646268e-07,TGO,2019
983,COD,Growing tobacco industry,GIN,3.8845659829684715e-09,TGO,2019
984,COD,Growing fibre crops industry,GIN,5.051939922448418e-07,TGO,2019
985,COD,Growing crops n.e.c. industry,GIN,2.7489192711501584e-06,TGO,2019
986,COD,Growing grapes industry,GIN,0.0,TGO,2019
987,COD,Growing fruits and nuts industry,GIN,9.807864687232096e-08,TGO,2019
988,COD,"Growing beverage crops (coffee, tea etc) industry",GIN,5.548646754704521e-07,TGO,2019
989,COD,"Growing spices, aromatic, drug and pharmaceutical crops industry",GIN,1.011064505611867e-07,TGO,2019
990,COD,Seeds and plant propagation industry,GIN,0.0,TGO,2019
991,COD,Raising of cattle industry,GIN,9.13941931652027e-05,TGO,2019
992,COD,Growing wheat industry,GMB,7.151166972413698e-08,TGO,2019
993,COD,Growing maize industry,GMB,0.0,TGO,2019
994,COD,Growing cereals n.e.c industry,GMB,0.0,TGO,2019
995,COD,Growing leguminous crops and oil seeds industry,GMB,1.406048570930971e-07,TGO,2019
996,COD,Growing rice industry,GMB,2.891229830865277e-08,TGO,2019
997,COD,"Growing vegetables, roots, tubers industry",GMB,8.283722624116914e-08,TGO,2019
998,COD,Growing sugar beet and cane industry,GMB,3.017162049722177e-08,TGO,2019
999,COD,Growing tobacco industry,GMB,2.6640149925829945e-10,TGO,2019
1000,COD,Growing fibre crops industry,GMB,3.318597018059667e-08,TGO,2019
1001,COD,Growing crops n.e.c. industry,GMB,2.1674140542507018e-07,TGO,2019
1002,COD,Growing grapes industry,GMB,0.0,TGO,2019
1003,COD,Growing fruits and nuts industry,GMB,6.086856246326307e-09,TGO,2019
1004,COD,"Growing beverage crops (coffee, tea etc) industry",GMB,3.580072486033325e-08,TGO,2019
1005,COD,"Growing spices, aromatic, drug and pharmaceutical crops industry",GMB,5.169838735899496e-09,TGO,2019
1006,COD,Seeds and plant propagation industry,GMB,0.0,TGO,2019
1007,COD,Raising of cattle industry,GMB,7.315956839378683e-06,TGO,2019
1008,COD,Growing wheat industry,GNQ,9.082942711755345e-07,TGO,2019
1009,COD,Growing maize industry,GNQ,0.0,TGO,2019
1010,COD,Growing cereals n.e.c industry,GNQ,0.0,TGO,2019
1011,COD,Growing leguminous crops and oil seeds industry,GNQ,2.1303180486961086e-06,TGO,2019
1012,COD,Growing rice industry,GNQ,3.640465893391641e-07,TGO,2019
1013,COD,"Growing vegetables, roots, tubers industry",GNQ,2.5019286046178836e-06,TGO,2019
1014,COD,Growing sugar beet and cane industry,GNQ,3.3075765944782056e-07,TGO,2019
1015,COD,Growing tobacco industry,GNQ,5.4561643903267395e-09,TGO,2019
1016,COD,Growing fibre crops industry,GNQ,1.6217790315095809e-06,TGO,2019
1017,COD,Growing crops n.e.c. industry,GNQ,2.787154021175728e-06,TGO,2019
1018,COD,Growing grapes industry,GNQ,0.0,TGO,2019
1019,COD,Growing fruits and nuts industry,GNQ,5.971337244714968e-07,TGO,2019
1020,COD,"Growing beverage crops (coffee, tea etc) industry",GNQ,1.039618656851647e-06,TGO,2019
1021,COD,"Growing spices, aromatic, drug and pharmaceutical crops industry",GNQ,2.9695528609355106e-07,TGO,2019
1022,COD,Seeds and plant propagation industry,GNQ,0.0,TGO,2019
1023,COD,Raising of cattle industry,GNQ,9.20192390749716e-05,TGO,2019
1024,COD,Growing wheat industry,GRC,1.8508834476518505e-07,TGO,2019
1025,COD,Growing maize industry,GRC,0.0,TGO,2019
1026,COD,Growing cereals n.e.c industry,GRC,0.0,TGO,2019
1027,COD,Growing leguminous crops and oil seeds industry,GRC,4.80887661336433e-07,TGO,2019
1028,COD,Growing rice industry,GRC,6.66341662606782e-08,TGO,2019
1029,COD,"Growing vegetables, roots, tubers industry",GRC,4.921419232243649e-07,TGO,2019
1030,COD,Growing sugar beet and cane industry,GRC,1.4174967796012318e-07,TGO,2019
1031,COD,Growing tobacco industry,GRC,1.4199395937886187e-09,TGO,2019
1032,COD,Growing fibre crops industry,GRC,2.6986022709522343e-07,TGO,2019
1033,COD,Growing crops n.e.c. industry,GRC,5.022723691694917e-07,TGO,2019
1034,COD,Growing grapes industry,GRC,0.0,TGO,2019
1035,COD,Growing fruits and nuts industry,GRC,5.581884817905812e-08,TGO,2019
1036,COD,"Growing beverage crops (coffee, tea etc) industry",GRC,2.145557369126409e-07,TGO,2019
1037,COD,"Growing spices, aromatic, drug and pharmaceutical crops industry",GRC,7.179703846290636e-08,TGO,2019
1038,COD,Seeds and plant propagation industry,GRC,0.0,TGO,2019
1039,COD,Raising of cattle industry,GRC,1.7923020042587033e-05,TGO,2019
1040,COD,Growing wheat industry,GTM,5.3070563629821356e-08,TGO,2019
1041,COD,Growing maize industry,GTM,0.0,TGO,2019
1042,COD,Growing cereals n.e.c industry,GTM,0.0,TGO,2019
1043,COD,Growing leguminous crops and oil seeds industry,GTM,1.5726802033329105e-07,TGO,2019
1044,COD,Growing rice industry,GTM,1.8055755426798704e-08,TGO,2019
1045,COD,"Growing vegetables, roots, tubers industry",GTM,1.4225670294428965e-07,TGO,2019
1046,COD,Growing sugar beet and cane industry,GTM,1.741514712157695e-08,TGO,2019
1047,COD,Growing tobacco industry,GTM,5.540714379169984e-10,TGO,2019
1048,COD,Growing fibre crops industry,GTM,7.206101194377606e-08,TGO,2019
1049,COD,Growing crops n.e.c. industry,GTM,1.334761167860414e-07,TGO,2019
1050,COD,Growing grapes industry,GTM,0.0,TGO,2019
1051,COD,Growing fruits and nuts industry,GTM,1.4977279143898257e-08,TGO,2019
1052,COD,"Growing beverage crops (coffee, tea etc) industry",GTM,6.848719366334712e-08,TGO,2019
1053,COD,"Growing spices, aromatic, drug and pharmaceutical crops industry",GTM,2.5300317372618075e-08,TGO,2019
1054,COD,Seeds and plant propagation industry,GTM,0.0,TGO,2019
1055,COD,Raising of cattle industry,GTM,4.803286803417885e-06,TGO,2019
1056,COD,Growing wheat industry,HND,3.189983230893036e-08,TGO,2019
1057,COD,Growing maize industry,HND,0.0,TGO,2019
1058,COD,Growing cereals n.e.c industry,HND,0.0,TGO,2019
1059,COD,Growing leguminous crops and oil seeds industry,HND,1.0764795799039496e-07,TGO,2019
1060,COD,Growing rice industry,HND,1.016673957873181e-08,TGO,2019
1061,COD,"Growing vegetables, roots, tubers industry",HND,8.802228981462959e-08,TGO,2019
1062,COD,Growing sugar beet and cane industry,HND,1.0232882556322002e-07,TGO,2019
1063,COD,Growing tobacco industry,HND,3.2175195141525045e-10,TGO,2019
1064,COD,Growing fibre crops industry,HND,2.499336771799757e-08,TGO,2019
1065,COD,Growing crops n.e.c. industry,HND,7.379343409778306e-08,TGO,2019
1066,COD,Growing grapes industry,HND,0.0,TGO,2019
1067,COD,Growing fruits and nuts industry,HND,7.199030387326783e-09,TGO,2019
1068,COD,"Growing beverage crops (coffee, tea etc) industry",HND,4.160938118778959e-08,TGO,2019
1069,COD,"Growing spices, aromatic, drug and pharmaceutical crops industry",HND,1.2191371651086639e-08,TGO,2019
1070,COD,Seeds and plant propagation industry,HND,0.0,TGO,2019
1071,COD,Raising of cattle industry,HND,2.7173018241025635e-06,TGO,2019
1072,COD,Growing wheat industry,HKG,5.020592258233426e-06,TGO,2019
1073,COD,Growing maize industry,HKG,0.0,TGO,2019
1074,COD,Growing cereals n.e.c industry,HKG,0.0,TGO,2019
1075,COD,Growing leguminous crops and oil seeds industry,HKG,1.0018834937637618e-05,TGO,2019
1076,COD,Growing rice industry,HKG,2.0738898244406576e-06,TGO,2019
1077,COD,"Growing vegetables, roots, tubers industry",HKG,5.270820822969348e-06,TGO,2019
1078,COD,Growing sugar beet and cane industry,HKG,1.5958314454494432e-06,TGO,2019
1079,COD,Growing tobacco industry,HKG,2.0234277646602684e-08,TGO,2019
1080,COD,Growing fibre crops industry,HKG,1.6374039806942676e-06,TGO,2019
1081,COD,Growing crops n.e.c. industry,HKG,1.4713409805425832e-05,TGO,2019
1082,COD,Growing grapes industry,HKG,0.0,TGO,2019
1083,COD,Growing fruits and nuts industry,HKG,3.21592310392225e-07,TGO,2019
1084,COD,"Growing beverage crops (coffee, tea etc) industry",HKG,2.3770232771369465e-06,TGO,2019
1085,COD,"Growing spices, aromatic, drug and pharmaceutical crops industry",HKG,4.4088146685937997e-07,TGO,2019
1086,COD,Seeds and plant propagation industry,HKG,0.0,TGO,2019
1087,COD,Raising of cattle industry,HKG,0.0005305806356884331,TGO,2019
1088,COD,Growing wheat industry,HRV,7.486669477650825e-08,TGO,2019
1089,COD,Growing maize industry,HRV,0.0,TGO,2019
1090,COD,Growing cereals n.e.c industry,HRV,0.0,TGO,2019
1091,COD,Growing leguminous crops and oil seeds industry,HRV,1.7196140439323012e-07,TGO,2019
1092,COD,Growing rice industry,HRV,2.8568266799102642e-08,TGO,2019
1093,COD,"Growing vegetables, roots, tubers industry",HRV,1.3358246056138817e-07,TGO,2019
1094,COD,Growing sugar beet and cane industry,HRV,2.4144188346781368e-08,TGO,2019
1095,COD,Growing tobacco industry,HRV,4.684073894570065e-10,TGO,2019
1096,COD,Growing fibre crops industry,HRV,4.5974687872284756e-08,TGO,2019
1097,COD,Growing crops n.e.c. industry,HRV,2.068848894001291e-07,TGO,2019
1098,COD,Growing grapes industry,HRV,0.0,TGO,2019
1099,COD,Growing fruits and nuts industry,HRV,1.1703574128838636e-08,TGO,2019
1100,COD,"Growing beverage crops (coffee, tea etc) industry",HRV,5.970145203765452e-08,TGO,2019
1101,COD,"Growing spices, aromatic, drug and pharmaceutical crops industry",HRV,1.879811384401503e-08,TGO,2019
1102,COD,Seeds and plant propagation industry,HRV,0.0,TGO,2019
1103,COD,Raising of cattle industry,HRV,7.487178665263484e-06,TGO,2019
1104,COD,Growing wheat industry,HTI,2.0700089766354805e-08,TGO,2019
1105,COD,Growing maize industry,HTI,0.0,TGO,2019
1106,COD,Growing cereals n.e.c industry,HTI,0.0,TGO,2019
1107,COD,Growing leguminous crops and oil seeds industry,HTI,5.7677018666190255e-08,TGO,2019
1108,COD,Growing rice industry,HTI,7.747245114519564e-09,TGO,2019
1109,COD,"Growing vegetables, roots, tubers industry",HTI,3.972047391977876e-08,TGO,2019
1110,COD,Growing sugar beet and cane industry,HTI,6.551489973451953e-09,TGO,2019
1111,COD,Growing tobacco industry,HTI,1.890700741145129e-10,TGO,2019
1112,COD,Growing fibre crops industry,HTI,1.26262918166327e-08,TGO,2019
1113,COD,Growing crops n.e.c. industry,HTI,5.602591841432671e-08,TGO,2019
1114,COD,Growing grapes industry,HTI,0.0,TGO,2019
1115,COD,Growing fruits and nuts industry,HTI,3.269414558352675e-09,TGO,2019
1116,COD,"Growing beverage crops (coffee, tea etc) industry",HTI,1.9962940276023588e-08,TGO,2019
1117,COD,"Growing spices, aromatic, drug and pharmaceutical crops industry",HTI,7.342414974174001e-09,TGO,2019
1118,COD,Seeds and plant propagation industry,HTI,0.0,TGO,2019
1119,COD,Raising of cattle industry,HTI,2.0899301365282315e-06,TGO,2019
1120,COD,Growing wheat industry,HUN,1.0543303970840953e-07,TGO,2019
1121,COD,Growing maize industry,HUN,0.0,TGO,2019
1122,COD,Growing cereals n.e.c industry,HUN,0.0,TGO,2019
1123,COD,Growing leguminous crops and oil seeds industry,HUN,2.5983051399091703e-07,TGO,2019
1124,COD,Growing rice industry,HUN,4.1642372732805534e-08,TGO,2019
1125,COD,"Growing vegetables, roots, tubers industry",HUN,2.333513816312458e-07,TGO,2019
1126,COD,Growing sugar beet and cane industry,HUN,3.622031590966202e-08,TGO,2019
1127,COD,Growing tobacco industry,HUN,7.581297009865024e-10,TGO,2019
1128,COD,Growing fibre crops industry,HUN,9.18264695733378e-08,TGO,2019
1129,COD,Growing crops n.e.c. industry,HUN,3.097522189713288e-07,TGO,2019
1130,COD,Growing grapes industry,HUN,0.0,TGO,2019
1131,COD,Growing fruits and nuts industry,HUN,2.2245733238711517e-08,TGO,2019
1132,COD,"Growing beverage crops (coffee, tea etc) industry",HUN,1.0272450718653978e-07,TGO,2019
1133,COD,"Growing spices, aromatic, drug and pharmaceutical crops industry",HUN,3.8191118632787384e-08,TGO,2019
1134,COD,Seeds and plant propagation industry,HUN,0.0,TGO,2019
1135,COD,Raising of cattle industry,HUN,1.0806284304452323e-05,TGO,2019
1136,COD,Growing wheat industry,IDN,1.2661189595082635e-06,TGO,2019
1137,COD,Growing maize industry,IDN,0.0,TGO,2019
1138,COD,Growing cereals n.e.c industry,IDN,0.0,TGO,2019
1139,COD,Growing leguminous crops and oil seeds industry,IDN,3.4154360706823877e-06,TGO,2019
1140,COD,Growing rice industry,IDN,3.445645487261302e-07,TGO,2019
1141,COD,"Growing vegetables, roots, tubers industry",IDN,4.1115179434692435e-06,TGO,2019
1142,COD,Growing sugar beet and cane industry,IDN,4.266014383303821e-07,TGO,2019
1143,COD,Growing tobacco industry,IDN,1.2011676466818889e-08,TGO,2019
1144,COD,Growing fibre crops industry,IDN,1.523223464501191e-06,TGO,2019
1145,COD,Growing crops n.e.c. industry,IDN,2.5744687210572006e-06,TGO,2019
1146,COD,Growing grapes industry,IDN,0.0,TGO,2019
1147,COD,Growing fruits and nuts industry,IDN,4.793881542262757e-07,TGO,2019
1148,COD,"Growing beverage crops (coffee, tea etc) industry",IDN,1.763475904911656e-06,TGO,2019
1149,COD,"Growing spices, aromatic, drug and pharmaceutical crops industry",IDN,6.084459656240102e-07,TGO,2019
1150,COD,Seeds and plant propagation industry,IDN,0.0,TGO,2019
1151,COD,Raising of cattle industry,IDN,8.991130421701676e-05,TGO,2019
1152,COD,Growing wheat industry,IND,1.7176298509461656e-05,TGO,2019
1153,COD,Growing maize industry,IND,0.0,TGO,2019
1154,COD,Growing cereals n.e.c industry,IND,0.0,TGO,2019
1155,COD,Growing leguminous crops and oil seeds industry,IND,4.476165878671149e-05,TGO,2019
1156,COD,Growing rice industry,IND,5.595601634923459e-06,TGO,2019
1157,COD,"Growing vegetables, roots, tubers industry",IND,3.864887433911303e-05,TGO,2019
1158,COD,Growing sugar beet and cane industry,IND,5.062478824100729e-06,TGO,2019
1159,COD,Growing tobacco industry,IND,1.4793953603187949e-07,TGO,2019
1160,COD,Growing fibre crops industry,IND,1.2536846899126872e-05,TGO,2019
1161,COD,Growing crops n.e.c. industry,IND,4.073333439678384e-05,TGO,2019
1162,COD,Growing grapes industry,IND,0.0,TGO,2019
1163,COD,Growing fruits and nuts industry,IND,3.4703347153447973e-06,TGO,2019
1164,COD,"Growing beverage crops (coffee, tea etc) industry",IND,1.793227206516975e-05,TGO,2019
1165,COD,"Growing spices, aromatic, drug and pharmaceutical crops industry",IND,9.192777569669676e-06,TGO,2019
1166,COD,Seeds and plant propagation industry,IND,0.0,TGO,2019
1167,COD,Raising of cattle industry,IND,0.0016816976691862197,TGO,2019
1168,COD,Growing wheat industry,IRL,1.688967620283799e-07,TGO,2019
1169,COD,Growing maize industry,IRL,0.0,TGO,2019
1170,COD,Growing cereals n.e.c industry,IRL,0.0,TGO,2019
1171,COD,Growing leguminous crops and oil seeds industry,IRL,4.6860327113562396e-07,TGO,2019
1172,COD,Growing rice industry,IRL,6.281796167881636e-08,TGO,2019
1173,COD,"Growing vegetables, roots, tubers industry",IRL,4.3894840997788386e-07,TGO,2019
1174,COD,Growing sugar beet and cane industry,IRL,6.461960629032702e-08,TGO,2019
1175,COD,Growing tobacco industry,IRL,1.5292004664702622e-09,TGO,2019
1176,COD,Growing fibre crops industry,IRL,3.039491577513601e-07,TGO,2019
1177,COD,Growing crops n.e.c. industry,IRL,4.669199632087977e-07,TGO,2019
1178,COD,Growing grapes industry,IRL,0.0,TGO,2019
1179,COD,Growing fruits and nuts industry,IRL,5.22424681934431e-08,TGO,2019
1180,COD,"Growing beverage crops (coffee, tea etc) industry",IRL,1.9737118032196929e-07,TGO,2019
1181,COD,"Growing spices, aromatic, drug and pharmaceutical crops industry",IRL,7.123142095794343e-08,TGO,2019
1182,COD,Seeds and plant propagation industry,IRL,0.0,TGO,2019
1183,COD,Raising of cattle industry,IRL,1.6955559367557356e-05,TGO,2019
1184,COD,Growing wheat industry,IRN,1.8507683286211678e-06,TGO,2019
1185,COD,Growing maize industry,IRN,0.0,TGO,2019
1186,COD,Growing cereals n.e.c industry,IRN,0.0,TGO,2019
1187,COD,Growing leguminous crops and oil seeds industry,IRN,3.9410395948371365e-06,TGO,2019
1188,COD,Growing rice industry,IRN,6.535868475824093e-07,TGO,2019
1189,COD,"Growing vegetables, roots, tubers industry",IRN,4.609259378915941e-06,TGO,2019
1190,COD,Growing sugar beet and cane industry,IRN,5.965564200594066e-07,TGO,2019
1191,COD,Growing tobacco industry,IRN,1.002721175012999e-08,TGO,2019
1192,COD,Growing fibre crops industry,IRN,2.2943705402609406e-06,TGO,2019
1193,COD,Growing crops n.e.c. industry,IRN,4.820602345377402e-06,TGO,2019
1194,COD,Growing grapes industry,IRN,0.0,TGO,2019
1195,COD,Growing fruits and nuts industry,IRN,5.324458609496812e-07,TGO,2019
1196,COD,"Growing beverage crops (coffee, tea etc) industry",IRN,1.8396857916045937e-06,TGO,2019
1197,COD,"Growing spices, aromatic, drug and pharmaceutical crops industry",IRN,4.3711204348253363e-07,TGO,2019
1198,COD,Seeds and plant propagation industry,IRN,0.0,TGO,2019
1199,COD,Raising of cattle industry,IRN,0.00018386628298136393,TGO,2019
1200,COD,Growing wheat industry,IRQ,7.60297262046907e-07,TGO,2019
1201,COD,Growing maize industry,IRQ,0.0,TGO,2019
1202,COD,Growing cereals n.e.c industry,IRQ,0.0,TGO,2019
1203,COD,Growing leguminous crops and oil seeds industry,IRQ,1.677945998263971e-06,TGO,2019
1204,COD,Growing rice industry,IRQ,2.903784688393665e-07,TGO,2019
1205,COD,"Growing vegetables, roots, tubers industry",IRQ,1.8252183321804484e-06,TGO,2019
1206,COD,Growing sugar beet and cane industry,IRQ,2.5352509276725425e-07,TGO,2019
1207,COD,Growing tobacco industry,IRQ,4.262772391050844e-09,TGO,2019
1208,COD,Growing fibre crops industry,IRQ,9.236942633301292e-07,TGO,2019
1209,COD,Growing crops n.e.c. industry,IRQ,2.1631541647142314e-06,TGO,2019
1210,COD,Growing grapes industry,IRQ,0.0,TGO,2019
1211,COD,Growing fruits and nuts industry,IRQ,2.0306297709149834e-07,TGO,2019
1212,COD,"Growing beverage crops (coffee, tea etc) industry",IRQ,7.317307747254118e-07,TGO,2019
1213,COD,"Growing spices, aromatic, drug and pharmaceutical crops industry",IRQ,1.9304347651729453e-07,TGO,2019
1214,COD,Seeds and plant propagation industry,IRQ,0.0,TGO,2019
1215,COD,Raising of cattle industry,IRQ,7.718636670401839e-05,TGO,2019
1216,COD,Growing wheat industry,ISL,1.8056941554698308e-08,TGO,2019
1217,COD,Growing maize industry,ISL,0.0,TGO,2019
1218,COD,Growing cereals n.e.c industry,ISL,0.0,TGO,2019
1219,COD,Growing leguminous crops and oil seeds industry,ISL,4.13787940298699e-08,TGO,2019
1220,COD,Growing rice industry,ISL,7.188412458695349e-09,TGO,2019
1221,COD,"Growing vegetables, roots, tubers industry",ISL,3.202432521057395e-08,TGO,2019
1222,COD,Growing sugar beet and cane industry,ISL,6.015262584351889e-09,TGO,2019
1223,COD,Growing tobacco industry,ISL,1.0681152510911025e-10,TGO,2019
1224,COD,Growing fibre crops industry,ISL,1.2076122836787942e-08,TGO,2019
1225,COD,Growing crops n.e.c. industry,ISL,5.2327269285712266e-08,TGO,2019
1226,COD,Growing grapes industry,ISL,0.0,TGO,2019
1227,COD,Growing fruits and nuts industry,ISL,2.6878012675145103e-09,TGO,2019
1228,COD,"Growing beverage crops (coffee, tea etc) industry",ISL,1.4021969244821604e-08,TGO,2019
1229,COD,"Growing spices, aromatic, drug and pharmaceutical crops industry",ISL,4.239741578429588e-09,TGO,2019
1230,COD,Seeds and plant propagation industry,ISL,0.0,TGO,2019
1231,COD,Raising of cattle industry,ISL,1.8791124599748614e-06,TGO,2019
1232,COD,Growing wheat industry,ISR,2.203860485381263e-06,TGO,2019
1233,COD,Growing maize industry,ISR,0.0,TGO,2019
1234,COD,Growing cereals n.e.c industry,ISR,0.0,TGO,2019
1235,COD,Growing leguminous crops and oil seeds industry,ISR,4.353052867379466e-06,TGO,2019
1236,COD,Growing rice industry,ISR,8.845272650502815e-07,TGO,2019
1237,COD,"Growing vegetables, roots, tubers industry",ISR,2.547551731019673e-06,TGO,2019
1238,COD,Growing sugar beet and cane industry,ISR,6.847761129106056e-07,TGO,2019
1239,COD,Growing tobacco industry,ISR,9.048675109647632e-09,TGO,2019
1240,COD,Growing fibre crops industry,ISR,7.964712346436737e-07,TGO,2019
1241,COD,Growing crops n.e.c. industry,ISR,6.308081757890995e-06,TGO,2019
1242,COD,Growing grapes industry,ISR,0.0,TGO,2019
1243,COD,Growing fruits and nuts industry,ISR,1.7903744931637332e-07,TGO,2019
1244,COD,"Growing beverage crops (coffee, tea etc) industry",ISR,1.128725184965086e-06,TGO,2019
1245,COD,"Growing spices, aromatic, drug and pharmaceutical crops industry",ISR,2.452579782506884e-07,TGO,2019
1246,COD,Seeds and plant propagation industry,ISR,0.0,TGO,2019
1247,COD,Raising of cattle industry,ISR,0.00023233711527966686,TGO,2019
1248,COD,Growing wheat industry,ITA,1.8775641015636025e-06,TGO,2019
1249,COD,Growing maize industry,ITA,0.0,TGO,2019
1250,COD,Growing cereals n.e.c industry,ITA,0.0,TGO,2019
1251,COD,Growing leguminous crops and oil seeds industry,ITA,5.456588579499906e-06,TGO,2019
1252,COD,Growing rice industry,ITA,6.908280584966029e-07,TGO,2019
1253,COD,"Growing vegetables, roots, tubers industry",ITA,5.107720963416922e-06,TGO,2019
1254,COD,Growing sugar beet and cane industry,ITA,7.788020535481199e-07,TGO,2019
1255,COD,Growing tobacco industry,ITA,1.8565769882541212e-08,TGO,2019
1256,COD,Growing fibre crops industry,ITA,1.8384916582468058e-06,TGO,2019
1257,COD,Growing crops n.e.c. industry,ITA,5.14422427530599e-06,TGO,2019
1258,COD,Growing grapes industry,ITA,0.0,TGO,2019
1259,COD,Growing fruits and nuts industry,ITA,4.4619078651927047e-07,TGO,2019
1260,COD,"Growing beverage crops (coffee, tea etc) industry",ITA,2.3278438874646328e-06,TGO,2019
1261,COD,"Growing spices, aromatic, drug and pharmaceutical crops industry",ITA,8.843350032568178e-07,TGO,2019
1262,COD,Seeds and plant propagation industry,ITA,0.0,TGO,2019
1263,COD,Raising of cattle industry,ITA,0.00018634646689696553,TGO,2019
1264,COD,Growing wheat industry,JAM,1.869043881892717e-08,TGO,2019
1265,COD,Growing maize industry,JAM,0.0,TGO,2019
1266,COD,Growing cereals n.e.c industry,JAM,0.0,TGO,2019
1267,COD,Growing leguminous crops and oil seeds industry,JAM,5.2799067230499165e-08,TGO,2019
1268,COD,Growing rice industry,JAM,7.366006263128278e-09,TGO,2019
1269,COD,"Growing vegetables, roots, tubers industry",JAM,4.0853583751597354e-08,TGO,2019
1270,COD,Growing sugar beet and cane industry,JAM,6.189258029467719e-09,TGO,2019
1271,COD,Growing tobacco industry,JAM,1.72971370702141e-10,TGO,2019
1272,COD,Growing fibre crops industry,JAM,1.6272278901354392e-08,TGO,2019
1273,COD,Growing crops n.e.c. industry,JAM,5.434115662107668e-08,TGO,2019
1274,COD,Growing grapes industry,JAM,0.0,TGO,2019
1275,COD,Growing fruits and nuts industry,JAM,3.681364398178248e-09,TGO,2019
1276,COD,"Growing beverage crops (coffee, tea etc) industry",JAM,1.9727002384221e-08,TGO,2019
1277,COD,"Growing spices, aromatic, drug and pharmaceutical crops industry",JAM,7.196988269342095e-09,TGO,2019
1278,COD,Seeds and plant propagation industry,JAM,0.0,TGO,2019
1279,COD,Raising of cattle industry,JAM,1.9364592696460722e-06,TGO,2019
1280,COD,Growing wheat industry,JOR,8.437540279504915e-08,TGO,2019
1281,COD,Growing maize industry,JOR,0.0,TGO,2019
1282,COD,Growing cereals n.e.c industry,JOR,0.0,TGO,2019
1283,COD,Growing leguminous crops and oil seeds industry,JOR,2.0080004767091998e-07,TGO,2019
1284,COD,Growing rice industry,JOR,3.2299504163487807e-08,TGO,2019
1285,COD,"Growing vegetables, roots, tubers industry",JOR,1.9399756495390552e-07,TGO,2019
1286,COD,Growing sugar beet and cane industry,JOR,2.805244024181143e-08,TGO,2019
1287,COD,Growing tobacco industry,JOR,5.609083817819914e-10,TGO,2019
1288,COD,Growing fibre crops industry,JOR,8.861918436834324e-08,TGO,2019
1289,COD,Growing crops n.e.c. industry,JOR,2.403587858802684e-07,TGO,2019
1290,COD,Growing grapes industry,JOR,0.0,TGO,2019
1291,COD,Growing fruits and nuts industry,JOR,2.0484106649213422e-08,TGO,2019
1292,COD,"Growing beverage crops (coffee, tea etc) industry",JOR,8.293040035560155e-08,TGO,2019
1293,COD,"Growing spices, aromatic, drug and pharmaceutical crops industry",JOR,2.5546326216800072e-08,TGO,2019
1294,COD,Seeds and plant propagation industry,JOR,0.0,TGO,2019
1295,COD,Raising of cattle industry,JOR,8.583858593024691e-06,TGO,2019
1296,COD,Growing wheat industry,JPN,2.4255669913286224e-06,TGO,2019
1297,COD,Growing maize industry,JPN,0.0,TGO,2019
1298,COD,Growing cereals n.e.c industry,JPN,0.0,TGO,2019
1299,COD,Growing leguminous crops and oil seeds industry,JPN,6.4353708996427445e-06,TGO,2019
1300,COD,Growing rice industry,JPN,8.69757388239724e-07,TGO,2019
1301,COD,"Growing vegetables, roots, tubers industry",JPN,6.299067944712416e-06,TGO,2019
1302,COD,Growing sugar beet and cane industry,JPN,8.061745583897313e-07,TGO,2019
1303,COD,Growing tobacco industry,JPN,2.0636114480472753e-08,TGO,2019
1304,COD,Growing fibre crops industry,JPN,2.8877109489166834e-06,TGO,2019
1305,COD,Growing crops n.e.c. industry,JPN,6.480476526445225e-06,TGO,2019
1306,COD,Growing grapes industry,JPN,0.0,TGO,2019
1307,COD,Growing fruits and nuts industry,JPN,8.122097096243633e-07,TGO,2019
1308,COD,"Growing beverage crops (coffee, tea etc) industry",JPN,2.797677080393839e-06,TGO,2019
1309,COD,"Growing spices, aromatic, drug and pharmaceutical crops industry",JPN,9.99418881319814e-07,TGO,2019
1310,COD,Seeds and plant propagation industry,JPN,0.0,TGO,2019
1311,COD,Raising of cattle industry,JPN,0.00023696718644621804,TGO,2019
1312,COD,Growing wheat industry,KAZ,2.0003231954901075e-07,TGO,2019
1313,COD,Growing maize industry,KAZ,0.0,TGO,2019
1314,COD,Growing cereals n.e.c industry,KAZ,0.0,TGO,2019
1315,COD,Growing leguminous crops and oil seeds industry,KAZ,4.6964843979683055e-07,TGO,2019
1316,COD,Growing rice industry,KAZ,8.040554668330747e-08,TGO,2019
1317,COD,"Growing vegetables, roots, tubers industry",KAZ,4.597788633455116e-07,TGO,2019
1318,COD,Growing sugar beet and cane industry,KAZ,6.810799006216099e-08,TGO,2019
1319,COD,Growing tobacco industry,KAZ,1.2657071455881324e-09,TGO,2019
1320,COD,Growing fibre crops industry,KAZ,2.2359966386223723e-07,TGO,2019
1321,COD,Growing crops n.e.c. industry,KAZ,6.022380394550653e-07,TGO,2019
1322,COD,Growing grapes industry,KAZ,0.0,TGO,2019
1323,COD,Growing fruits and nuts industry,KAZ,5.2610269803234484e-08,TGO,2019
1324,COD,"Growing beverage crops (coffee, tea etc) industry",KAZ,1.9607476278231259e-07,TGO,2019
1325,COD,"Growing spices, aromatic, drug and pharmaceutical crops industry",KAZ,6.363232898833339e-08,TGO,2019
1326,COD,Seeds and plant propagation industry,KAZ,0.0,TGO,2019
1327,COD,Raising of cattle industry,KAZ,2.0593874831173365e-05,TGO,2019
1328,COD,Growing wheat industry,KEN,3.224488616115899e-07,TGO,2019
1329,COD,Growing maize industry,KEN,0.0,TGO,2019
1330,COD,Growing cereals n.e.c industry,KEN,0.0,TGO,2019
1331,COD,Growing leguminous crops and oil seeds industry,KEN,1.0844603885757563e-06,TGO,2019
1332,COD,Growing rice industry,KEN,8.152321738759366e-08,TGO,2019
1333,COD,"Growing vegetables, roots, tubers industry",KEN,9.854318704977442e-07,TGO,2019
1334,COD,Growing sugar beet and cane industry,KEN,2.1667321884329277e-06,TGO,2019
1335,COD,Growing tobacco industry,KEN,2.2415568589256226e-09,TGO,2019
1336,COD,Growing fibre crops industry,KEN,1.8093085977535285e-07,TGO,2019
1337,COD,Growing crops n.e.c. industry,KEN,5.752313487256811e-07,TGO,2019
1338,COD,Growing grapes industry,KEN,0.0,TGO,2019
1339,COD,Growing fruits and nuts industry,KEN,6.83925748467406e-08,TGO,2019
1340,COD,"Growing beverage crops (coffee, tea etc) industry",KEN,4.198957569269027e-07,TGO,2019
1341,COD,"Growing spices, aromatic, drug and pharmaceutical crops industry",KEN,7.624287892620456e-08,TGO,2019
1342,COD,Seeds and plant propagation industry,KEN,0.0,TGO,2019
1343,COD,Raising of cattle industry,KEN,2.136495154865324e-05,TGO,2019
1344,COD,Growing wheat industry,KGZ,1.4752579712578573e-08,TGO,2019
1345,COD,Growing maize industry,KGZ,0.0,TGO,2019
1346,COD,Growing cereals n.e.c industry,KGZ,0.0,TGO,2019
1347,COD,Growing leguminous crops and oil seeds industry,KGZ,4.293877707192758e-08,TGO,2019
1348,COD,Growing rice industry,KGZ,5.634261155719976e-09,TGO,2019
1349,COD,"Growing vegetables, roots, tubers industry",KGZ,3.444985082975739e-08,TGO,2019
1350,COD,Growing sugar beet and cane industry,KGZ,4.877554687467438e-09,TGO,2019
1351,COD,Growing tobacco industry,KGZ,1.4424412860170135e-10,TGO,2019
1352,COD,Growing fibre crops industry,KGZ,1.0338391152330893e-08,TGO,2019
1353,COD,Growing crops n.e.c. industry,KGZ,4.136217970095959e-08,TGO,2019
1354,COD,Growing grapes industry,KGZ,0.0,TGO,2019
1355,COD,Growing fruits and nuts industry,KGZ,2.6196962491157427e-09,TGO,2019
1356,COD,"Growing beverage crops (coffee, tea etc) industry",KGZ,1.613952367823685e-08,TGO,2019
1357,COD,"Growing spices, aromatic, drug and pharmaceutical crops industry",KGZ,5.859166155504655e-09,TGO,2019
1358,COD,Seeds and plant propagation industry,KGZ,0.0,TGO,2019
1359,COD,Raising of cattle industry,KGZ,1.5147042775948228e-06,TGO,2019
1360,COD,Growing wheat industry,KHM,5.513102639624625e-08,TGO,2019
1361,COD,Growing maize industry,KHM,0.0,TGO,2019
1362,COD,Growing cereals n.e.c industry,KHM,0.0,TGO,2019
1363,COD,Growing leguminous crops and oil seeds industry,KHM,1.3644949251659035e-07,TGO,2019
1364,COD,Growing rice industry,KHM,1.835115104208893e-08,TGO,2019
1365,COD,"Growing vegetables, roots, tubers industry",KHM,1.3056362898055388e-07,TGO,2019
1366,COD,Growing sugar beet and cane industry,KHM,1.8222688514058036e-08,TGO,2019
1367,COD,Growing tobacco industry,KHM,3.8746732913313954e-10,TGO,2019
1368,COD,Growing fibre crops industry,KHM,9.692165093171427e-08,TGO,2019
1369,COD,Growing crops n.e.c. industry,KHM,1.4723520139137874e-07,TGO,2019
1370,COD,Growing grapes industry,KHM,0.0,TGO,2019
1371,COD,Growing fruits and nuts industry,KHM,1.7523700876432113e-08,TGO,2019
1372,COD,"Growing beverage crops (coffee, tea etc) industry",KHM,6.174789605184429e-08,TGO,2019
1373,COD,"Growing spices, aromatic, drug and pharmaceutical crops industry",KHM,2.692782998749882e-08,TGO,2019
1374,COD,Seeds and plant propagation industry,KHM,0.0,TGO,2019
1375,COD,Raising of cattle industry,KHM,5.079722238008697e-06,TGO,2019
1376,COD,Growing wheat industry,KOR,4.880438657444007e-06,TGO,2019
1377,COD,Growing maize industry,KOR,0.0,TGO,2019
1378,COD,Growing cereals n.e.c industry,KOR,0.0,TGO,2019
1379,COD,Growing leguminous crops and oil seeds industry,KOR,1.0910005029650018e-05,TGO,2019
1380,COD,Growing rice industry,KOR,1.8203134843219354e-06,TGO,2019
1381,COD,"Growing vegetables, roots, tubers industry",KOR,1.1857252512177551e-05,TGO,2019
1382,COD,Growing sugar beet and cane industry,KOR,1.661317083920545e-06,TGO,2019
1383,COD,Growing tobacco industry,KOR,2.782556550629695e-08,TGO,2019
1384,COD,Growing fibre crops industry,KOR,3.542127787849106e-05,TGO,2019
1385,COD,Growing crops n.e.c. industry,KOR,1.3510647934815032e-05,TGO,2019
1386,COD,Growing grapes industry,KOR,0.0,TGO,2019
1387,COD,Growing fruits and nuts industry,KOR,2.9565842294890964e-06,TGO,2019
1388,COD,"Growing beverage crops (coffee, tea etc) industry",KOR,4.7865758143768015e-06,TGO,2019
1389,COD,"Growing spices, aromatic, drug and pharmaceutical crops industry",KOR,1.273351751069315e-06,TGO,2019
1390,COD,Seeds and plant propagation industry,KOR,0.0,TGO,2019
1391,COD,Raising of cattle industry,KOR,0.0004718169553737398,TGO,2019
1392,COD,Growing wheat industry,KWT,1.845022607323571e-07,TGO,2019
1393,COD,Growing maize industry,KWT,0.0,TGO,2019
1394,COD,Growing cereals n.e.c industry,KWT,0.0,TGO,2019
1395,COD,Growing leguminous crops and oil seeds industry,KWT,4.4610738259522423e-07,TGO,2019
1396,COD,Growing rice industry,KWT,6.565923270721493e-08,TGO,2019
1397,COD,"Growing vegetables, roots, tubers industry",KWT,4.3212258617821864e-07,TGO,2019
1398,COD,Growing sugar beet and cane industry,KWT,5.956194160204336e-08,TGO,2019
1399,COD,Growing tobacco industry,KWT,1.3214115002408011e-09,TGO,2019
1400,COD,Growing fibre crops industry,KWT,1.7813153438700245e-07,TGO,2019
1401,COD,Growing crops n.e.c. industry,KWT,4.847040762476703e-07,TGO,2019
1402,COD,Growing grapes industry,KWT,0.0,TGO,2019
1403,COD,Growing fruits and nuts industry,KWT,4.5981601300632914e-08,TGO,2019
1404,COD,"Growing beverage crops (coffee, tea etc) industry",KWT,1.8760037906783764e-07,TGO,2019
1405,COD,"Growing spices, aromatic, drug and pharmaceutical crops industry",KWT,6.254131060102557e-08,TGO,2019
1406,COD,Seeds and plant propagation industry,KWT,0.0,TGO,2019
1407,COD,Raising of cattle industry,KWT,1.8451888503329863e-05,TGO,2019
1408,COD,Growing wheat industry,LAO,8.02821187639496e-07,TGO,2019
1409,COD,Growing maize industry,LAO,0.0,TGO,2019
1410,COD,Growing cereals n.e.c industry,LAO,0.0,TGO,2019
1411,COD,Growing leguminous crops and oil seeds industry,LAO,1.608983063229496e-06,TGO,2019
1412,COD,Growing rice industry,LAO,3.474205902858663e-07,TGO,2019
1413,COD,"Growing vegetables, roots, tubers industry",LAO,9.849715072109383e-07,TGO,2019
1414,COD,Growing sugar beet and cane industry,LAO,2.628436355253494e-07,TGO,2019
1415,COD,Growing tobacco industry,LAO,3.189262601494051e-09,TGO,2019
1416,COD,Growing fibre crops industry,LAO,2.4828332213091987e-06,TGO,2019
1417,COD,Growing crops n.e.c. industry,LAO,2.4538673037605564e-06,TGO,2019
1418,COD,Growing grapes industry,LAO,0.0,TGO,2019
1419,COD,Growing fruits and nuts industry,LAO,1.4843785995446268e-07,TGO,2019
1420,COD,"Growing beverage crops (coffee, tea etc) industry",LAO,4.203934977234963e-07,TGO,2019
1421,COD,"Growing spices, aromatic, drug and pharmaceutical crops industry",LAO,8.803859732953009e-08,TGO,2019
1422,COD,Seeds and plant propagation industry,LAO,0.0,TGO,2019
1423,COD,Raising of cattle industry,LAO,8.537408749603097e-05,TGO,2019
1424,COD,Growing wheat industry,LBN,3.199431225146119e-06,TGO,2019
1425,COD,Growing maize industry,LBN,0.0,TGO,2019
1426,COD,Growing cereals n.e.c industry,LBN,0.0,TGO,2019
1427,COD,Growing leguminous crops and oil seeds industry,LBN,6.387252869338326e-06,TGO,2019
1428,COD,Growing rice industry,LBN,1.1823750055635951e-06,TGO,2019
1429,COD,"Growing vegetables, roots, tubers industry",LBN,7.67500367908072e-06,TGO,2019
1430,COD,Growing sugar beet and cane industry,LBN,1.064104978854896e-06,TGO,2019
1431,COD,Growing tobacco industry,LBN,1.3470675619401064e-08,TGO,2019
1432,COD,Growing fibre crops industry,LBN,4.351023031304968e-06,TGO,2019
1433,COD,Growing crops n.e.c. industry,LBN,8.780689118977658e-06,TGO,2019
1434,COD,Growing grapes industry,LBN,0.0,TGO,2019
1435,COD,Growing fruits and nuts industry,LBN,9.001652821578543e-07,TGO,2019
1436,COD,"Growing beverage crops (coffee, tea etc) industry",LBN,2.9006494350450614e-06,TGO,2019
1437,COD,"Growing spices, aromatic, drug and pharmaceutical crops industry",LBN,4.097032100423091e-07,TGO,2019
1438,COD,Seeds and plant propagation industry,LBN,0.0,TGO,2019
1439,COD,Raising of cattle industry,LBN,0.0003229379895535344,TGO,2019
1440,COD,Growing wheat industry,LBR,1.0186130524970417e-08,TGO,2019
1441,COD,Growing maize industry,LBR,0.0,TGO,2019
1442,COD,Growing cereals n.e.c industry,LBR,0.0,TGO,2019
1443,COD,Growing leguminous crops and oil seeds industry,LBR,2.4887634452640295e-08,TGO,2019
1444,COD,Growing rice industry,LBR,3.8485453622795285e-09,TGO,2019
1445,COD,"Growing vegetables, roots, tubers industry",LBR,2.7978633703934272e-08,TGO,2019
1446,COD,Growing sugar beet and cane industry,LBR,3.6827374153215398e-09,TGO,2019
1447,COD,Growing tobacco industry,LBR,6.971752293503372e-11,TGO,2019
1448,COD,Growing fibre crops industry,LBR,1.4340625420506893e-08,TGO,2019
1449,COD,Growing crops n.e.c. industry,LBR,2.8326803475989013e-08,TGO,2019
1450,COD,Growing grapes industry,LBR,0.0,TGO,2019
1451,COD,Growing fruits and nuts industry,LBR,2.921673533424821e-09,TGO,2019
1452,COD,"Growing beverage crops (coffee, tea etc) industry",LBR,1.0899666271005585e-08,TGO,2019
1453,COD,"Growing spices, aromatic, drug and pharmaceutical crops industry",LBR,3.3003762083672555e-09,TGO,2019
1454,COD,Seeds and plant propagation industry,LBR,0.0,TGO,2019
1455,COD,Raising of cattle industry,LBR,1.0323182434601367e-06,TGO,2019
1456,COD,Growing wheat industry,LBY,1.5203151709037676e-07,TGO,2019
1457,COD,Growing maize industry,LBY,0.0,TGO,2019
1458,COD,Growing cereals n.e.c industry,LBY,0.0,TGO,2019
1459,COD,Growing leguminous crops and oil seeds industry,LBY,3.658967254040694e-07,TGO,2019
1460,COD,Growing rice industry,LBY,5.861071375787304e-08,TGO,2019
1461,COD,"Growing vegetables, roots, tubers industry",LBY,3.4517855610532016e-07,TGO,2019
1462,COD,Growing sugar beet and cane industry,LBY,5.0529425347522744e-08,TGO,2019
1463,COD,Growing tobacco industry,LBY,1.0473038244060904e-09,TGO,2019
1464,COD,Growing fibre crops industry,LBY,1.501415419996477e-07,TGO,2019
1465,COD,Growing crops n.e.c. industry,LBY,4.3542956614525116e-07,TGO,2019
1466,COD,Growing grapes industry,LBY,0.0,TGO,2019
1467,COD,Growing fruits and nuts industry,LBY,3.68984891944589e-08,TGO,2019
1468,COD,"Growing beverage crops (coffee, tea etc) industry",LBY,1.4832750939530593e-07,TGO,2019
1469,COD,"Growing spices, aromatic, drug and pharmaceutical crops industry",LBY,5.0417876551389585e-08,TGO,2019
1470,COD,Seeds and plant propagation industry,LBY,0.0,TGO,2019
1471,COD,Raising of cattle industry,LBY,1.532542538978668e-05,TGO,2019
1472,COD,Growing wheat industry,LKA,1.9426428515219027e-07,TGO,2019
1473,COD,Growing maize industry,LKA,0.0,TGO,2019
1474,COD,Growing cereals n.e.c industry,LKA,0.0,TGO,2019
1475,COD,Growing leguminous crops and oil seeds industry,LKA,5.985528493659487e-07,TGO,2019
1476,COD,Growing rice industry,LKA,5.4023757056506746e-08,TGO,2019
1477,COD,"Growing vegetables, roots, tubers industry",LKA,5.696596836698718e-07,TGO,2019
1478,COD,Growing sugar beet and cane industry,LKA,9.109704785951147e-07,TGO,2019
1479,COD,Growing tobacco industry,LKA,1.4048144607660985e-09,TGO,2019
1480,COD,Growing fibre crops industry,LKA,1.2826640117421339e-07,TGO,2019
1481,COD,Growing crops n.e.c. industry,LKA,3.8560739763225997e-07,TGO,2019
1482,COD,Growing grapes industry,LKA,0.0,TGO,2019
1483,COD,Growing fruits and nuts industry,LKA,4.3377345775091825e-08,TGO,2019
1484,COD,"Growing beverage crops (coffee, tea etc) industry",LKA,2.3893724004603363e-07,TGO,2019
1485,COD,"Growing spices, aromatic, drug and pharmaceutical crops industry",LKA,6.003658870371112e-08,TGO,2019
1486,COD,Seeds and plant propagation industry,LKA,0.0,TGO,2019
1487,COD,Raising of cattle industry,LKA,1.5207017749996955e-05,TGO,2019
1488,COD,Growing wheat industry,LTU,1.77059103147249e-07,TGO,2019
1489,COD,Growing maize industry,LTU,0.0,TGO,2019
1490,COD,Growing cereals n.e.c industry,LTU,0.0,TGO,2019
1491,COD,Growing leguminous crops and oil seeds industry,LTU,3.9115850042329686e-07,TGO,2019
1492,COD,Growing rice industry,LTU,4.899602336308729e-08,TGO,2019
1493,COD,"Growing vegetables, roots, tubers industry",LTU,4.965788315648761e-07,TGO,2019
1494,COD,Growing sugar beet and cane industry,LTU,4.6992219899941803e-08,TGO,2019
1495,COD,Growing tobacco industry,LTU,1.240667664215005e-09,TGO,2019
1496,COD,Growing fibre crops industry,LTU,1.9641267623393283e-07,TGO,2019
1497,COD,Growing crops n.e.c. industry,LTU,3.552782211890733e-07,TGO,2019
1498,COD,Growing grapes industry,LTU,0.0,TGO,2019
1499,COD,Growing fruits and nuts industry,LTU,5.391382496455605e-08,TGO,2019
1500,COD,"Growing beverage crops (coffee, tea etc) industry",LTU,1.9789475279907755e-07,TGO,2019
1501,COD,"Growing spices, aromatic, drug and pharmaceutical crops industry",LTU,6.555411370016e-08,TGO,2019
1502,COD,Seeds and plant propagation industry,LTU,0.0,TGO,2019
1503,COD,Raising of cattle industry,LTU,1.607069201940942e-05,TGO,2019
1504,COD,Growing wheat industry,LUX,6.185266557095252e-08,TGO,2019
1505,COD,Growing maize industry,LUX,0.0,TGO,2019
1506,COD,Growing cereals n.e.c industry,LUX,0.0,TGO,2019
1507,COD,Growing leguminous crops and oil seeds industry,LUX,1.4061392301642675e-07,TGO,2019
1508,COD,Growing rice industry,LUX,2.408867403161445e-08,TGO,2019
1509,COD,"Growing vegetables, roots, tubers industry",LUX,1.155016090183139e-07,TGO,2019
1510,COD,Growing sugar beet and cane industry,LUX,2.0781820790245085e-08,TGO,2019
1511,COD,Growing tobacco industry,LUX,3.6321310615116943e-10,TGO,2019
1512,COD,Growing fibre crops industry,LUX,5.474009083314246e-08,TGO,2019
1513,COD,Growing crops n.e.c. industry,LUX,1.7611462273801313e-07,TGO,2019
1514,COD,Growing grapes industry,LUX,0.0,TGO,2019
1515,COD,Growing fruits and nuts industry,LUX,1.1043648884499166e-08,TGO,2019
1516,COD,"Growing beverage crops (coffee, tea etc) industry",LUX,4.885658396946258e-08,TGO,2019
1517,COD,"Growing spices, aromatic, drug and pharmaceutical crops industry",LUX,1.5948538392083446e-08,TGO,2019
1518,COD,Seeds and plant propagation industry,LUX,0.0,TGO,2019
1519,COD,Raising of cattle industry,LUX,6.40604328332878e-06,TGO,2019
1520,COD,Growing wheat industry,LVA,8.918743123165973e-08,TGO,2019
1521,COD,Growing maize industry,LVA,0.0,TGO,2019
1522,COD,Growing cereals n.e.c industry,LVA,0.0,TGO,2019
1523,COD,Growing leguminous crops and oil seeds industry,LVA,2.7053872690801945e-07,TGO,2019
1524,COD,Growing rice industry,LVA,3.212931183414835e-08,TGO,2019
1525,COD,"Growing vegetables, roots, tubers industry",LVA,2.1583843297054534e-07,TGO,2019
1526,COD,Growing sugar beet and cane industry,LVA,2.8054665610492486e-08,TGO,2019
1527,COD,Growing tobacco industry,LVA,9.698991976589514e-10,TGO,2019
1528,COD,Growing fibre crops industry,LVA,7.072251963191998e-08,TGO,2019
1529,COD,Growing crops n.e.c. industry,LVA,2.3504922807417286e-07,TGO,2019
1530,COD,Growing grapes industry,LVA,0.0,TGO,2019
1531,COD,Growing fruits and nuts industry,LVA,1.8307444161316673e-08,TGO,2019
1532,COD,"Growing beverage crops (coffee, tea etc) industry",LVA,1.0616503305099942e-07,TGO,2019
1533,COD,"Growing spices, aromatic, drug and pharmaceutical crops industry",LVA,3.958143060795987e-08,TGO,2019
1534,COD,Seeds and plant propagation industry,LVA,0.0,TGO,2019
1535,COD,Raising of cattle industry,LVA,8.929891355611426e-06,TGO,2019
1536,COD,Growing wheat industry,MAR,3.148166209064221e-07,TGO,2019
1537,COD,Growing maize industry,MAR,0.0,TGO,2019
1538,COD,Growing cereals n.e.c industry,MAR,0.0,TGO,2019
1539,COD,Growing leguminous crops and oil seeds industry,MAR,7.878721567534179e-07,TGO,2019
1540,COD,Growing rice industry,MAR,1.020436501733265e-07,TGO,2019
1541,COD,"Growing vegetables, roots, tubers industry",MAR,1.5292112160128956e-06,TGO,2019
1542,COD,Growing sugar beet and cane industry,MAR,1.3386706676229513e-07,TGO,2019
1543,COD,Growing tobacco industry,MAR,2.396180436950661e-09,TGO,2019
1544,COD,Growing fibre crops industry,MAR,4.687939576016566e-07,TGO,2019
1545,COD,Growing crops n.e.c. industry,MAR,8.090627489887017e-07,TGO,2019
1546,COD,Growing grapes industry,MAR,0.0,TGO,2019
1547,COD,Growing fruits and nuts industry,MAR,1.0349640051683277e-07,TGO,2019
1548,COD,"Growing beverage crops (coffee, tea etc) industry",MAR,5.126700671728435e-07,TGO,2019
1549,COD,"Growing spices, aromatic, drug and pharmaceutical crops industry",MAR,2.4118758143484794e-07,TGO,2019
1550,COD,Seeds and plant propagation industry,MAR,0.0,TGO,2019
1551,COD,Raising of cattle industry,MAR,2.714556138154619e-05,TGO,2019
1552,COD,Growing wheat industry,MDA,1.702298181617898e-07,TGO,2019
1553,COD,Growing maize industry,MDA,0.0,TGO,2019
1554,COD,Growing cereals n.e.c industry,MDA,0.0,TGO,2019
1555,COD,Growing leguminous crops and oil seeds industry,MDA,3.8026360859666997e-07,TGO,2019
1556,COD,Growing rice industry,MDA,7.389426066049724e-08,TGO,2019
1557,COD,"Growing vegetables, roots, tubers industry",MDA,3.7866585019712746e-07,TGO,2019
1558,COD,Growing sugar beet and cane industry,MDA,5.940318657952578e-08,TGO,2019
1559,COD,Growing tobacco industry,MDA,9.42307705117519e-10,TGO,2019
1560,COD,Growing fibre crops industry,MDA,1.806787053059763e-07,TGO,2019
1561,COD,Growing crops n.e.c. industry,MDA,5.562022286499674e-07,TGO,2019
1562,COD,Growing grapes industry,MDA,0.0,TGO,2019
1563,COD,Growing fruits and nuts industry,MDA,3.687314373173708e-08,TGO,2019
1564,COD,"Growing beverage crops (coffee, tea etc) industry",MDA,1.5302997422240443e-07,TGO,2019
1565,COD,"Growing spices, aromatic, drug and pharmaceutical crops industry",MDA,5.1468905404124503e-08,TGO,2019
1566,COD,Seeds and plant propagation industry,MDA,0.0,TGO,2019
1567,COD,Raising of cattle industry,MDA,1.808628668227795e-05,TGO,2019
1568,COD,Growing wheat industry,MDG,1.305562064565694e-07,TGO,2019
1569,COD,Growing maize industry,MDG,0.0,TGO,2019
1570,COD,Growing cereals n.e.c industry,MDG,0.0,TGO,2019
1571,COD,Growing leguminous crops and oil seeds industry,MDG,7.226806426286741e-07,TGO,2019
1572,COD,Growing rice industry,MDG,4.314381060534864e-08,TGO,2019
1573,COD,"Growing vegetables, roots, tubers industry",MDG,4.901357558793643e-07,TGO,2019
1574,COD,Growing sugar beet and cane industry,MDG,4.315543398694357e-08,TGO,2019
1575,COD,Growing tobacco industry,MDG,3.362059993689273e-09,TGO,2019
1576,COD,Growing fibre crops industry,MDG,1.2705636397943096e-07,TGO,2019
1577,COD,Growing crops n.e.c. industry,MDG,3.217880547437667e-07,TGO,2019
1578,COD,Growing grapes industry,MDG,0.0,TGO,2019
1579,COD,Growing fruits and nuts industry,MDG,3.3599861901225495e-08,TGO,2019
1580,COD,"Growing beverage crops (coffee, tea etc) industry",MDG,2.978917518640615e-07,TGO,2019
1581,COD,"Growing spices, aromatic, drug and pharmaceutical crops industry",MDG,1.2752394925266667e-07,TGO,2019
1582,COD,Seeds and plant propagation industry,MDG,0.0,TGO,2019
1583,COD,Raising of cattle industry,MDG,1.2879938689941887e-05,TGO,2019
1584,COD,Growing wheat industry,MEX,5.836671714317268e-07,TGO,2019
1585,COD,Growing maize industry,MEX,0.0,TGO,2019
1586,COD,Growing cereals n.e.c industry,MEX,0.0,TGO,2019
1587,COD,Growing leguminous crops and oil seeds industry,MEX,1.7367445444258003e-06,TGO,2019
1588,COD,Growing rice industry,MEX,1.99305990581447e-07,TGO,2019
1589,COD,"Growing vegetables, roots, tubers industry",MEX,1.6073811454394921e-06,TGO,2019
1590,COD,Growing sugar beet and cane industry,MEX,1.8859551522436396e-07,TGO,2019
1591,COD,Growing tobacco industry,MEX,6.110710100721433e-09,TGO,2019
1592,COD,Growing fibre crops industry,MEX,7.680535682446816e-07,TGO,2019
1593,COD,Growing crops n.e.c. industry,MEX,1.5150170577526875e-06,TGO,2019
1594,COD,Growing grapes industry,MEX,0.0,TGO,2019
1595,COD,Growing fruits and nuts industry,MEX,1.81928715473113e-07,TGO,2019
1596,COD,"Growing beverage crops (coffee, tea etc) industry",MEX,7.723002054679303e-07,TGO,2019
1597,COD,"Growing spices, aromatic, drug and pharmaceutical crops industry",MEX,3.118328472292934e-07,TGO,2019
1598,COD,Seeds and plant propagation industry,MEX,0.0,TGO,2019
1599,COD,Raising of cattle industry,MEX,5.648913506813498e-05,TGO,2019
1600,COD,Growing wheat industry,MKD,1.800373588916468e-07,TGO,2019
1601,COD,Growing maize industry,MKD,0.0,TGO,2019
1602,COD,Growing cereals n.e.c industry,MKD,0.0,TGO,2019
1603,COD,Growing leguminous crops and oil seeds industry,MKD,3.9491997581504417e-07,TGO,2019
1604,COD,Growing rice industry,MKD,4.4239908361389064e-08,TGO,2019
1605,COD,"Growing vegetables, roots, tubers industry",MKD,5.595113958442263e-07,TGO,2019
1606,COD,Growing sugar beet and cane industry,MKD,4.5018322523965274e-08,TGO,2019
1607,COD,Growing tobacco industry,MKD,1.3006315631035478e-09,TGO,2019
1608,COD,Growing fibre crops industry,MKD,2.672354546344137e-07,TGO,2019
1609,COD,Growing crops n.e.c. industry,MKD,3.193762733787135e-07,TGO,2019
1610,COD,Growing grapes industry,MKD,0.0,TGO,2019
1611,COD,Growing fruits and nuts industry,MKD,6.32518089478326e-08,TGO,2019
1612,COD,"Growing beverage crops (coffee, tea etc) industry",MKD,2.1824737406918204e-07,TGO,2019
1613,COD,"Growing spices, aromatic, drug and pharmaceutical crops industry",MKD,7.204555523971065e-08,TGO,2019
1614,COD,Seeds and plant propagation industry,MKD,0.0,TGO,2019
1615,COD,Raising of cattle industry,MKD,1.576007397801507e-05,TGO,2019
1616,COD,Growing wheat industry,MLI,5.578166599789413e-06,TGO,2019
1617,COD,Growing maize industry,MLI,0.0,TGO,2019
1618,COD,Growing cereals n.e.c industry,MLI,0.0,TGO,2019
1619,COD,Growing leguminous crops and oil seeds industry,MLI,1.1381437517434649e-05,TGO,2019
1620,COD,Growing rice industry,MLI,2.3425561159637367e-06,TGO,2019
1621,COD,"Growing vegetables, roots, tubers industry",MLI,9.885115121582802e-06,TGO,2019
1622,COD,Growing sugar beet and cane industry,MLI,1.8480079689831704e-06,TGO,2019
1623,COD,Growing tobacco industry,MLI,2.4905460446617555e-08,TGO,2019
1624,COD,Growing fibre crops industry,MLI,5.410556200483378e-06,TGO,2019
1625,COD,Growing crops n.e.c. industry,MLI,1.705735740606395e-05,TGO,2019
1626,COD,Growing grapes industry,MLI,0.0,TGO,2019
1627,COD,Growing fruits and nuts industry,MLI,1.0539087180624209e-06,TGO,2019
1628,COD,"Growing beverage crops (coffee, tea etc) industry",MLI,4.108899455612103e-06,TGO,2019
1629,COD,"Growing spices, aromatic, drug and pharmaceutical crops industry",MLI,1.1063178535607248e-06,TGO,2019
1630,COD,Seeds and plant propagation industry,MLI,0.0,TGO,2019
1631,COD,Raising of cattle industry,MLI,0.0005998814380454287,TGO,2019
1632,COD,Growing wheat industry,MLT,1.7676227100626543e-08,TGO,2019
1633,COD,Growing maize industry,MLT,0.0,TGO,2019
1634,COD,Growing cereals n.e.c industry,MLT,0.0,TGO,2019
1635,COD,Growing leguminous crops and oil seeds industry,MLT,4.411235716499342e-08,TGO,2019
1636,COD,Growing rice industry,MLT,6.807104021369213e-09,TGO,2019
1637,COD,"Growing vegetables, roots, tubers industry",MLT,3.378977180927147e-08,TGO,2019
1638,COD,Growing sugar beet and cane industry,MLT,5.84400286617599e-09,TGO,2019
1639,COD,Growing tobacco industry,MLT,1.2717510335290037e-10,TGO,2019
1640,COD,Growing fibre crops industry,MLT,1.487143986816834e-08,TGO,2019
1641,COD,Growing crops n.e.c. industry,MLT,5.046608710264447e-08,TGO,2019
1642,COD,Growing grapes industry,MLT,0.0,TGO,2019
1643,COD,Growing fruits and nuts industry,MLT,3.0423452513037298e-09,TGO,2019
1644,COD,"Growing beverage crops (coffee, tea etc) industry",MLT,1.590934286598581e-08,TGO,2019
1645,COD,"Growing spices, aromatic, drug and pharmaceutical crops industry",MLT,5.719442366558258e-09,TGO,2019
1646,COD,Seeds and plant propagation industry,MLT,0.0,TGO,2019
1647,COD,Raising of cattle industry,MLT,1.8256191729858244e-06,TGO,2019
1648,COD,Growing wheat industry,MMR,6.278908651245162e-07,TGO,2019
1649,COD,Growing maize industry,MMR,0.0,TGO,2019
1650,COD,Growing cereals n.e.c industry,MMR,0.0,TGO,2019
1651,COD,Growing leguminous crops and oil seeds industry,MMR,1.2129714459330412e-06,TGO,2019
1652,COD,Growing rice industry,MMR,2.632003649300333e-07,TGO,2019
1653,COD,"Growing vegetables, roots, tubers industry",MMR,5.476671584504334e-07,TGO,2019
1654,COD,Growing sugar beet and cane industry,MMR,1.984721099471909e-07,TGO,2019
1655,COD,Growing tobacco industry,MMR,2.2669373102038903e-09,TGO,2019
1656,COD,Growing fibre crops industry,MMR,1.3046384849252343e-07,TGO,2019
1657,COD,Growing crops n.e.c. industry,MMR,1.868612278302982e-06,TGO,2019
1658,COD,Growing grapes industry,MMR,0.0,TGO,2019
1659,COD,Growing fruits and nuts industry,MMR,3.0051190182271686e-08,TGO,2019
1660,COD,"Growing beverage crops (coffee, tea etc) industry",MMR,2.5021521290319734e-07,TGO,2019
1661,COD,"Growing spices, aromatic, drug and pharmaceutical crops industry",MMR,4.291260931377162e-08,TGO,2019
1662,COD,Seeds and plant propagation industry,MMR,0.0,TGO,2019
1663,COD,Raising of cattle industry,MMR,6.706312883601748e-05,TGO,2019
1664,COD,Growing wheat industry,MNG,2.9218796328275046e-08,TGO,2019
1665,COD,Growing maize industry,MNG,0.0,TGO,2019
1666,COD,Growing cereals n.e.c industry,MNG,0.0,TGO,2019
1667,COD,Growing leguminous crops and oil seeds industry,MNG,6.985501655960712e-08,TGO,2019
1668,COD,Growing rice industry,MNG,1.1894290383440946e-08,TGO,2019
1669,COD,"Growing vegetables, roots, tubers industry",MNG,6.556492327466116e-08,TGO,2019
1670,COD,Growing sugar beet and cane industry,MNG,9.94259752525938e-09,TGO,2019
1671,COD,Growing tobacco industry,MNG,1.9306252309640133e-10,TGO,2019
1672,COD,Growing fibre crops industry,MNG,3.1500087358256644e-08,TGO,2019
1673,COD,Growing crops n.e.c. industry,MNG,8.881170678972645e-08,TGO,2019
1674,COD,Growing grapes industry,MNG,0.0,TGO,2019
1675,COD,Growing fruits and nuts industry,MNG,7.138046814669347e-09,TGO,2019
1676,COD,"Growing beverage crops (coffee, tea etc) industry",MNG,2.789276798104372e-08,TGO,2019
1677,COD,"Growing spices, aromatic, drug and pharmaceutical crops industry",MNG,9.56971852907961e-09,TGO,2019
1678,COD,Seeds and plant propagation industry,MNG,0.0,TGO,2019
1679,COD,Raising of cattle industry,MNG,3.0226802070137323e-06,TGO,2019
1680,COD,Growing wheat industry,MOZ,1.0620429452090524e-07,TGO,2019
1681,COD,Growing maize industry,MOZ,0.0,TGO,2019
1682,COD,Growing cereals n.e.c industry,MOZ,0.0,TGO,2019
1683,COD,Growing leguminous crops and oil seeds industry,MOZ,2.7451472868167924e-07,TGO,2019
1684,COD,Growing rice industry,MOZ,3.5607331718465865e-08,TGO,2019
1685,COD,"Growing vegetables, roots, tubers industry",MOZ,2.6460782810982316e-07,TGO,2019
1686,COD,Growing sugar beet and cane industry,MOZ,3.217074802536883e-08,TGO,2019
1687,COD,Growing tobacco industry,MOZ,9.00219990999461e-10,TGO,2019
1688,COD,Growing fibre crops industry,MOZ,1.0689461720389e-07,TGO,2019
1689,COD,Growing crops n.e.c. industry,MOZ,2.6149719897452676e-07,TGO,2019
1690,COD,Growing grapes industry,MOZ,0.0,TGO,2019
1691,COD,Growing fruits and nuts industry,MOZ,2.6623910995463287e-08,TGO,2019
1692,COD,"Growing beverage crops (coffee, tea etc) industry",MOZ,1.1878985232607053e-07,TGO,2019
1693,COD,"Growing spices, aromatic, drug and pharmaceutical crops industry",MOZ,4.5014739951277116e-08,TGO,2019
1694,COD,Seeds and plant propagation industry,MOZ,0.0,TGO,2019
1695,COD,Raising of cattle industry,MOZ,1.0539118793533084e-05,TGO,2019
1696,COD,Growing wheat industry,MRT,1.0303225938398767e-07,TGO,2019
1697,COD,Growing maize industry,MRT,0.0,TGO,2019
1698,COD,Growing cereals n.e.c industry,MRT,0.0,TGO,2019
1699,COD,Growing leguminous crops and oil seeds industry,MRT,2.4791476387544775e-07,TGO,2019
1700,COD,Growing rice industry,MRT,4.0905634731469805e-08,TGO,2019
1701,COD,"Growing vegetables, roots, tubers industry",MRT,3.0828663171183746e-07,TGO,2019
1702,COD,Growing sugar beet and cane industry,MRT,7.010886464299172e-08,TGO,2019
1703,COD,Growing tobacco industry,MRT,6.49653962526204e-10,TGO,2019
1704,COD,Growing fibre crops industry,MRT,3.4436857584313323e-07,TGO,2019
1705,COD,Growing crops n.e.c. industry,MRT,3.0766745604719e-07,TGO,2019
1706,COD,Growing grapes industry,MRT,0.0,TGO,2019
1707,COD,Growing fruits and nuts industry,MRT,3.636544067344935e-08,TGO,2019
1708,COD,"Growing beverage crops (coffee, tea etc) industry",MRT,1.2020695913797976e-07,TGO,2019
1709,COD,"Growing spices, aromatic, drug and pharmaceutical crops industry",MRT,3.971649045247855e-08,TGO,2019
1710,COD,Seeds and plant propagation industry,MRT,0.0,TGO,2019
1711,COD,Raising of cattle industry,MRT,1.0378678730345864e-05,TGO,2019
1712,COD,Growing wheat industry,MWI,2.6279182824672192e-08,TGO,2019
1713,COD,Growing maize industry,MWI,0.0,TGO,2019
1714,COD,Growing cereals n.e.c industry,MWI,0.0,TGO,2019
1715,COD,Growing leguminous crops and oil seeds industry,MWI,5.912982736354728e-08,TGO,2019
1716,COD,Growing rice industry,MWI,8.284925705879925e-09,TGO,2019
1717,COD,"Growing vegetables, roots, tubers industry",MWI,6.187320931276895e-08,TGO,2019
1718,COD,Growing sugar beet and cane industry,MWI,7.464298062072373e-09,TGO,2019
1719,COD,Growing tobacco industry,MWI,1.7671280476310942e-10,TGO,2019
1720,COD,Growing fibre crops industry,MWI,2.3697999236755606e-08,TGO,2019
1721,COD,Growing crops n.e.c. industry,MWI,5.99894518373022e-08,TGO,2019
1722,COD,Growing grapes industry,MWI,0.0,TGO,2019
1723,COD,Growing fruits and nuts industry,MWI,6.300089981949565e-09,TGO,2019
1724,COD,"Growing beverage crops (coffee, tea etc) industry",MWI,2.5685660240930644e-08,TGO,2019
1725,COD,"Growing spices, aromatic, drug and pharmaceutical crops industry",MWI,8.875937700512362e-09,TGO,2019
1726,COD,Seeds and plant propagation industry,MWI,0.0,TGO,2019
1727,COD,Raising of cattle industry,MWI,2.5367145988369304e-06,TGO,2019
1728,COD,Growing wheat industry,MYS,1.0694109652574163e-05,TGO,2019
1729,COD,Growing maize industry,MYS,0.0,TGO,2019
1730,COD,Growing cereals n.e.c industry,MYS,0.0,TGO,2019
1731,COD,Growing leguminous crops and oil seeds industry,MYS,2.023246413945795e-05,TGO,2019
1732,COD,Growing rice industry,MYS,4.4815539944831325e-06,TGO,2019
1733,COD,"Growing vegetables, roots, tubers industry",MYS,8.771802644492648e-06,TGO,2019
1734,COD,Growing sugar beet and cane industry,MYS,3.4367175115808572e-06,TGO,2019
1735,COD,Growing tobacco industry,MYS,3.5825271130633116e-08,TGO,2019
1736,COD,Growing fibre crops industry,MYS,2.6723630960997208e-06,TGO,2019
1737,COD,Growing crops n.e.c. industry,MYS,3.164036976849938e-05,TGO,2019
1738,COD,Growing grapes industry,MYS,0.0,TGO,2019
1739,COD,Growing fruits and nuts industry,MYS,4.0258406982645644e-07,TGO,2019
1740,COD,"Growing beverage crops (coffee, tea etc) industry",MYS,3.9720493958377935e-06,TGO,2019
1741,COD,"Growing spices, aromatic, drug and pharmaceutical crops industry",MYS,4.567009322377798e-07,TGO,2019
1742,COD,Seeds and plant propagation industry,MYS,0.0,TGO,2019
1743,COD,Raising of cattle industry,MYS,0.0011461314102349717,TGO,2019
1744,COD,Growing wheat industry,NAM,1.224673953641669e-07,TGO,2019
1745,COD,Growing maize industry,NAM,0.0,TGO,2019
1746,COD,Growing cereals n.e.c industry,NAM,0.0,TGO,2019
1747,COD,Growing leguminous crops and oil seeds industry,NAM,3.2277982316646487e-07,TGO,2019
1748,COD,Growing rice industry,NAM,3.8781807984249986e-08,TGO,2019
1749,COD,"Growing vegetables, roots, tubers industry",NAM,3.1893816834519223e-07,TGO,2019
1750,COD,Growing sugar beet and cane industry,NAM,3.518124894580037e-08,TGO,2019
1751,COD,Growing tobacco industry,NAM,1.1101595575160653e-09,TGO,2019
1752,COD,Growing fibre crops industry,NAM,1.1526967517147978e-07,TGO,2019
1753,COD,Growing crops n.e.c. industry,NAM,2.8082008036854856e-07,TGO,2019
1754,COD,Growing grapes industry,NAM,0.0,TGO,2019
1755,COD,Growing fruits and nuts industry,NAM,3.025675645488349e-08,TGO,2019
1756,COD,"Growing beverage crops (coffee, tea etc) industry",NAM,1.4223965031582106e-07,TGO,2019
1757,COD,"Growing spices, aromatic, drug and pharmaceutical crops industry",NAM,5.025439802867185e-08,TGO,2019
1758,COD,Seeds and plant propagation industry,NAM,0.0,TGO,2019
1759,COD,Raising of cattle industry,NAM,1.2047949881663824e-05,TGO,2019
1760,COD,Growing wheat industry,NER,7.198101682607483e-06,TGO,2019
1761,COD,Growing maize industry,NER,0.0,TGO,2019
1762,COD,Growing cereals n.e.c industry,NER,0.0,TGO,2019
1763,COD,Growing leguminous crops and oil seeds industry,NER,1.5017613046895724e-05,TGO,2019
1764,COD,Growing rice industry,NER,2.6761367207054847e-06,TGO,2019
1765,COD,"Growing vegetables, roots, tubers industry",NER,1.7218963200945415e-05,TGO,2019
1766,COD,Growing sugar beet and cane industry,NER,2.543846759525608e-06,TGO,2019
1767,COD,Growing tobacco industry,NER,3.607570840821486e-08,TGO,2019
1768,COD,Growing fibre crops industry,NER,1.1575406303930901e-05,TGO,2019
1769,COD,Growing crops n.e.c. industry,NER,1.9547507709465538e-05,TGO,2019
1770,COD,Growing grapes industry,NER,0.0,TGO,2019
1771,COD,Growing fruits and nuts industry,NER,2.1664215429818257e-06,TGO,2019
1772,COD,"Growing beverage crops (coffee, tea etc) industry",NER,6.738138905601282e-06,TGO,2019
1773,COD,"Growing spices, aromatic, drug and pharmaceutical crops industry",NER,1.6865704925358699e-06,TGO,2019
1774,COD,Seeds and plant propagation industry,NER,0.0,TGO,2019
1775,COD,Raising of cattle industry,NER,0.0007313550651966447,TGO,2019
1776,COD,Growing wheat industry,NGA,3.0805335486114122e-06,TGO,2019
1777,COD,Growing maize industry,NGA,0.0,TGO,2019
1778,COD,Growing cereals n.e.c industry,NGA,0.0,TGO,2019
1779,COD,Growing leguminous crops and oil seeds industry,NGA,9.121419357227281e-06,TGO,2019
1780,COD,Growing rice industry,NGA,9.013088501588612e-07,TGO,2019
1781,COD,"Growing vegetables, roots, tubers industry",NGA,1.13640983744671e-05,TGO,2019
1782,COD,Growing sugar beet and cane industry,NGA,1.031531572331825e-05,TGO,2019
1783,COD,Growing tobacco industry,NGA,2.313384421975599e-08,TGO,2019
1784,COD,Growing fibre crops industry,NGA,7.254204544860469e-06,TGO,2019
1785,COD,Growing crops n.e.c. industry,NGA,6.772642166535202e-06,TGO,2019
1786,COD,Growing grapes industry,NGA,0.0,TGO,2019
1787,COD,Growing fruits and nuts industry,NGA,1.3228117981257565e-06,TGO,2019
1788,COD,"Growing beverage crops (coffee, tea etc) industry",NGA,4.694060573858474e-06,TGO,2019
1789,COD,"Growing spices, aromatic, drug and pharmaceutical crops industry",NGA,9.088447608669294e-07,TGO,2019
1790,COD,Seeds and plant propagation industry,NGA,0.0,TGO,2019
1791,COD,Raising of cattle industry,NGA,0.00024008834693913165,TGO,2019
1792,COD,Growing wheat industry,NIC,1.757040156835698e-08,TGO,2019
1793,COD,Growing maize industry,NIC,0.0,TGO,2019
1794,COD,Growing cereals n.e.c industry,NIC,0.0,TGO,2019
1795,COD,Growing leguminous crops and oil seeds industry,NIC,4.4221503841435986e-08,TGO,2019
1796,COD,Growing rice industry,NIC,6.704851155840745e-09,TGO,2019
1797,COD,"Growing vegetables, roots, tubers industry",NIC,3.432967165005636e-08,TGO,2019
1798,COD,Growing sugar beet and cane industry,NIC,1.447276617065808e-08,TGO,2019
1799,COD,Growing tobacco industry,NIC,1.2177218704104355e-10,TGO,2019
1800,COD,Growing fibre crops industry,NIC,1.3464702469218065e-08,TGO,2019
1801,COD,Growing crops n.e.c. industry,NIC,4.899302347273364e-08,TGO,2019
1802,COD,Growing grapes industry,NIC,0.0,TGO,2019
1803,COD,Growing fruits and nuts industry,NIC,3.2179538752379017e-09,TGO,2019
1804,COD,"Growing beverage crops (coffee, tea etc) industry",NIC,1.5596803847717797e-08,TGO,2019
1805,COD,"Growing spices, aromatic, drug and pharmaceutical crops industry",NIC,5.285590739744806e-09,TGO,2019
1806,COD,Seeds and plant propagation industry,NIC,0.0,TGO,2019
1807,COD,Raising of cattle industry,NIC,1.7534080618133491e-06,TGO,2019
1808,COD,Growing wheat industry,NLD,1.2604118521700832e-06,TGO,2019
1809,COD,Growing maize industry,NLD,0.0,TGO,2019
1810,COD,Growing cereals n.e.c industry,NLD,0.0,TGO,2019
1811,COD,Growing leguminous crops and oil seeds industry,NLD,3.19350305802435e-06,TGO,2019
1812,COD,Growing rice industry,NLD,4.4489696526864293e-07,TGO,2019
1813,COD,"Growing vegetables, roots, tubers industry",NLD,3.388755551808867e-06,TGO,2019
1814,COD,Growing sugar beet and cane industry,NLD,5.237671230750466e-07,TGO,2019
1815,COD,Growing tobacco industry,NLD,9.689381824351282e-09,TGO,2019
1816,COD,Growing fibre crops industry,NLD,1.513422167178139e-06,TGO,2019
1817,COD,Growing crops n.e.c. industry,NLD,3.341719709715205e-06,TGO,2019
1818,COD,Growing grapes industry,NLD,0.0,TGO,2019
1819,COD,Growing fruits and nuts industry,NLD,3.8245303501033395e-07,TGO,2019
1820,COD,"Growing beverage crops (coffee, tea etc) industry",NLD,1.4495893776920939e-06,TGO,2019
1821,COD,"Growing spices, aromatic, drug and pharmaceutical crops industry",NLD,4.987872300028869e-07,TGO,2019
1822,COD,Seeds and plant propagation industry,NLD,0.0,TGO,2019
1823,COD,Raising of cattle industry,NLD,0.00011891539960662663,TGO,2019
1824,COD,Growing wheat industry,NOR,3.861593350582918e-07,TGO,2019
1825,COD,Growing maize industry,NOR,0.0,TGO,2019
1826,COD,Growing cereals n.e.c industry,NOR,0.0,TGO,2019
1827,COD,Growing leguminous crops and oil seeds industry,NOR,9.435361593374314e-07,TGO,2019
1828,COD,Growing rice industry,NOR,1.4439789684056965e-07,TGO,2019
1829,COD,"Growing vegetables, roots, tubers industry",NOR,8.453153549464227e-07,TGO,2019
1830,COD,Growing sugar beet and cane industry,NOR,1.4283924332815839e-07,TGO,2019
1831,COD,Growing tobacco industry,NOR,2.7635245594548086e-09,TGO,2019
1832,COD,Growing fibre crops industry,NOR,3.113846137071889e-07,TGO,2019
1833,COD,Growing crops n.e.c. industry,NOR,1.0572909564508155e-06,TGO,2019
1834,COD,Growing grapes industry,NOR,0.0,TGO,2019
1835,COD,Growing fruits and nuts industry,NOR,8.030477782609537e-08,TGO,2019
1836,COD,"Growing beverage crops (coffee, tea etc) industry",NOR,3.7256158885680896e-07,TGO,2019
1837,COD,"Growing spices, aromatic, drug and pharmaceutical crops industry",NOR,1.2399064746858615e-07,TGO,2019
1838,COD,Seeds and plant propagation industry,NOR,0.0,TGO,2019
1839,COD,Raising of cattle industry,NOR,3.9036918638033376e-05,TGO,2019
1840,COD,Growing wheat industry,NPL,1.4371394888866492e-07,TGO,2019
1841,COD,Growing maize industry,NPL,0.0,TGO,2019
1842,COD,Growing cereals n.e.c industry,NPL,0.0,TGO,2019
1843,COD,Growing leguminous crops and oil seeds industry,NPL,4.388059752358478e-07,TGO,2019
1844,COD,Growing rice industry,NPL,4.12609572723027e-08,TGO,2019
1845,COD,"Growing vegetables, roots, tubers industry",NPL,4.4158781698810823e-07,TGO,2019
1846,COD,Growing sugar beet and cane industry,NPL,4.4781490896446856e-07,TGO,2019
1847,COD,Growing tobacco industry,NPL,1.2475973976862796e-09,TGO,2019
1848,COD,Growing fibre crops industry,NPL,1.3979212316565183e-07,TGO,2019
1849,COD,Growing crops n.e.c. industry,NPL,2.982054253749231e-07,TGO,2019
1850,COD,Growing grapes industry,NPL,0.0,TGO,2019
1851,COD,Growing fruits and nuts industry,NPL,3.630120793783401e-08,TGO,2019
1852,COD,"Growing beverage crops (coffee, tea etc) industry",NPL,1.8934484803473577e-07,TGO,2019
1853,COD,"Growing spices, aromatic, drug and pharmaceutical crops industry",NPL,6.147176113618153e-08,TGO,2019
1854,COD,Seeds and plant propagation industry,NPL,0.0,TGO,2019
1855,COD,Raising of cattle industry,NPL,1.2025780139950586e-05,TGO,2019
1856,COD,Growing wheat industry,NZL,1.7104733154015491e-07,TGO,2019
1857,COD,Growing maize industry,NZL,0.0,TGO,2019
1858,COD,Growing cereals n.e.c industry,NZL,0.0,TGO,2019
1859,COD,Growing leguminous crops and oil seeds industry,NZL,4.346597181170768e-07,TGO,2019
1860,COD,Growing rice industry,NZL,5.3403439367733024e-08,TGO,2019
1861,COD,"Growing vegetables, roots, tubers industry",NZL,4.516085123849259e-07,TGO,2019
1862,COD,Growing sugar beet and cane industry,NZL,5.108648851256748e-08,TGO,2019
1863,COD,Growing tobacco industry,NZL,1.43738257818628e-09,TGO,2019
1864,COD,Growing fibre crops industry,NZL,1.7501346879600478e-07,TGO,2019
1865,COD,Growing crops n.e.c. industry,NZL,3.9019412463879324e-07,TGO,2019
1866,COD,Growing grapes industry,NZL,0.0,TGO,2019
1867,COD,Growing fruits and nuts industry,NZL,5.4879495026516585e-08,TGO,2019
1868,COD,"Growing beverage crops (coffee, tea etc) industry",NZL,1.9515817524888603e-07,TGO,2019
1869,COD,"Growing spices, aromatic, drug and pharmaceutical crops industry",NZL,6.940469118570077e-08,TGO,2019
1870,COD,Seeds and plant propagation industry,NZL,0.0,TGO,2019
1871,COD,Raising of cattle industry,NZL,1.5923370245743816e-05,TGO,2019
1872,COD,Growing wheat industry,OMN,1.4561259629809237e-07,TGO,2019
1873,COD,Growing maize industry,OMN,0.0,TGO,2019
1874,COD,Growing cereals n.e.c industry,OMN,0.0,TGO,2019
1875,COD,Growing leguminous crops and oil seeds industry,OMN,3.738633079647272e-07,TGO,2019
1876,COD,Growing rice industry,OMN,5.396410910063604e-08,TGO,2019
1877,COD,"Growing vegetables, roots, tubers industry",OMN,3.180830722077889e-07,TGO,2019
1878,COD,Growing sugar beet and cane industry,OMN,4.7183552439322655e-08,TGO,2019
1879,COD,Growing tobacco industry,OMN,1.1531083590482637e-09,TGO,2019
1880,COD,Growing fibre crops industry,OMN,1.1481126784997624e-07,TGO,2019
1881,COD,Growing crops n.e.c. industry,OMN,3.98795862061714e-07,TGO,2019
1882,COD,Growing grapes industry,OMN,0.0,TGO,2019
1883,COD,Growing fruits and nuts industry,OMN,3.075883355574718e-08,TGO,2019
1884,COD,"Growing beverage crops (coffee, tea etc) industry",OMN,1.453045342066677e-07,TGO,2019
1885,COD,"Growing spices, aromatic, drug and pharmaceutical crops industry",OMN,5.7448847192139976e-08,TGO,2019
1886,COD,Seeds and plant propagation industry,OMN,0.0,TGO,2019
1887,COD,Raising of cattle industry,OMN,1.4837283470512912e-05,TGO,2019
1888,COD,Growing wheat industry,PAK,8.914228779214901e-07,TGO,2019
1889,COD,Growing maize industry,PAK,0.0,TGO,2019
1890,COD,Growing cereals n.e.c industry,PAK,0.0,TGO,2019
1891,COD,Growing leguminous crops and oil seeds industry,PAK,2.075916618157606e-06,TGO,2019
1892,COD,Growing rice industry,PAK,2.9604158433684306e-07,TGO,2019
1893,COD,"Growing vegetables, roots, tubers industry",PAK,3.5647422510797985e-06,TGO,2019
1894,COD,Growing sugar beet and cane industry,PAK,3.5809246104953166e-07,TGO,2019
1895,COD,Growing tobacco industry,PAK,5.7532981148500396e-09,TGO,2019
1896,COD,Growing fibre crops industry,PAK,5.374353960004892e-06,TGO,2019
1897,COD,Growing crops n.e.c. industry,PAK,2.2359069969515903e-06,TGO,2019
1898,COD,Growing grapes industry,PAK,0.0,TGO,2019
1899,COD,Growing fruits and nuts industry,PAK,6.544873633827109e-07,TGO,2019
1900,COD,"Growing beverage crops (coffee, tea etc) industry",PAK,1.2633731141832494e-06,TGO,2019
1901,COD,"Growing spices, aromatic, drug and pharmaceutical crops industry",PAK,3.499703193312322e-07,TGO,2019
1902,COD,Seeds and plant propagation industry,PAK,0.0,TGO,2019
1903,COD,Raising of cattle industry,PAK,7.930232609523443e-05,TGO,2019
1904,COD,Growing wheat industry,PSE,7.326954837361655e-08,TGO,2019
1905,COD,Growing maize industry,PSE,0.0,TGO,2019
1906,COD,Growing cereals n.e.c industry,PSE,0.0,TGO,2019
1907,COD,Growing leguminous crops and oil seeds industry,PSE,1.6069606037307784e-07,TGO,2019
1908,COD,Growing rice industry,PSE,2.654473346764663e-08,TGO,2019
1909,COD,"Growing vegetables, roots, tubers industry",PSE,1.4620520450307714e-07,TGO,2019
1910,COD,Growing sugar beet and cane industry,PSE,2.2190308781351066e-08,TGO,2019
1911,COD,Growing tobacco industry,PSE,4.3193294867165116e-10,TGO,2019
1912,COD,Growing fibre crops industry,PSE,5.878597276951222e-08,TGO,2019
1913,COD,Growing crops n.e.c. industry,PSE,1.9286282906717894e-07,TGO,2019
1914,COD,Growing grapes industry,PSE,0.0,TGO,2019
1915,COD,Growing fruits and nuts industry,PSE,1.419832559645995e-08,TGO,2019
1916,COD,"Growing beverage crops (coffee, tea etc) industry",PSE,6.138603507548326e-08,TGO,2019
1917,COD,"Growing spices, aromatic, drug and pharmaceutical crops industry",PSE,1.9205346846071333e-08,TGO,2019
1918,COD,Seeds and plant propagation industry,PSE,0.0,TGO,2019
1919,COD,Raising of cattle industry,PSE,7.341133000679807e-06,TGO,2019
1920,COD,Growing wheat industry,PAN,7.052839536672842e-08,TGO,2019
1921,COD,Growing maize industry,PAN,0.0,TGO,2019
1922,COD,Growing cereals n.e.c industry,PAN,0.0,TGO,2019
1923,COD,Growing leguminous crops and oil seeds industry,PAN,2.407471940962631e-07,TGO,2019
1924,COD,Growing rice industry,PAN,2.5152439953868214e-08,TGO,2019
1925,COD,"Growing vegetables, roots, tubers industry",PAN,2.0767757224972564e-07,TGO,2019
1926,COD,Growing sugar beet and cane industry,PAN,2.3367373837178017e-08,TGO,2019
1927,COD,Growing tobacco industry,PAN,9.138493435623475e-10,TGO,2019
1928,COD,Growing fibre crops industry,PAN,8.0528330094781e-08,TGO,2019
1929,COD,Growing crops n.e.c. industry,PAN,1.8712845003186988e-07,TGO,2019
1930,COD,Growing grapes industry,PAN,0.0,TGO,2019
1931,COD,Growing fruits and nuts industry,PAN,2.0609517209756624e-08,TGO,2019
1932,COD,"Growing beverage crops (coffee, tea etc) industry",PAN,1.016399806885263e-07,TGO,2019
1933,COD,"Growing spices, aromatic, drug and pharmaceutical crops industry",PAN,3.8190245681986396e-08,TGO,2019
1934,COD,Seeds and plant propagation industry,PAN,0.0,TGO,2019
1935,COD,Raising of cattle industry,PAN,7.013187716191077e-06,TGO,2019
1936,COD,Growing wheat industry,PER,4.074696171850007e-06,TGO,2019
1937,COD,Growing maize industry,PER,0.0,TGO,2019
1938,COD,Growing cereals n.e.c industry,PER,0.0,TGO,2019
1939,COD,Growing leguminous crops and oil seeds industry,PER,7.937005661370026e-06,TGO,2019
1940,COD,Growing rice industry,PER,1.80518496912294e-06,TGO,2019
1941,COD,"Growing vegetables, roots, tubers industry",PER,3.991724630118073e-06,TGO,2019
1942,COD,Growing sugar beet and cane industry,PER,1.2957253922584523e-06,TGO,2019
1943,COD,Growing tobacco industry,PER,1.5201392180063224e-08,TGO,2019
1944,COD,Growing fibre crops industry,PER,9.586067974043983e-07,TGO,2019
1945,COD,Growing crops n.e.c. industry,PER,1.2613489564449187e-05,TGO,2019
1946,COD,Growing grapes industry,PER,0.0,TGO,2019
1947,COD,Growing fruits and nuts industry,PER,1.8583009778278947e-07,TGO,2019
1948,COD,"Growing beverage crops (coffee, tea etc) industry",PER,1.7736581927749193e-06,TGO,2019
1949,COD,"Growing spices, aromatic, drug and pharmaceutical crops industry",PER,2.657092701085256e-07,TGO,2019
1950,COD,Seeds and plant propagation industry,PER,0.0,TGO,2019
1951,COD,Raising of cattle industry,PER,0.000442882228313387,TGO,2019
1952,COD,Growing wheat industry,PHL,3.3016539235082946e-07,TGO,2019
1953,COD,Growing maize industry,PHL,0.0,TGO,2019
1954,COD,Growing cereals n.e.c industry,PHL,0.0,TGO,2019
1955,COD,Growing leguminous crops and oil seeds industry,PHL,8.275567754564687e-07,TGO,2019
1956,COD,Growing rice industry,PHL,9.718336235269349e-08,TGO,2019
1957,COD,"Growing vegetables, roots, tubers industry",PHL,1.0210634270854799e-06,TGO,2019
1958,COD,Growing sugar beet and cane industry,PHL,1.3682202041173567e-07,TGO,2019
1959,COD,Growing tobacco industry,PHL,2.6410996030566054e-09,TGO,2019
1960,COD,Growing fibre crops industry,PHL,6.024757569857387e-07,TGO,2019
1961,COD,Growing crops n.e.c. industry,PHL,7.616600290286786e-07,TGO,2019
1962,COD,Growing grapes industry,PHL,0.0,TGO,2019
1963,COD,Growing fruits and nuts industry,PHL,1.618516915631983e-07,TGO,2019
1964,COD,"Growing beverage crops (coffee, tea etc) industry",PHL,5.620279606204946e-07,TGO,2019
1965,COD,"Growing spices, aromatic, drug and pharmaceutical crops industry",PHL,1.5381475694999784e-07,TGO,2019
1966,COD,Seeds and plant propagation industry,PHL,0.0,TGO,2019
1967,COD,Raising of cattle industry,PHL,2.975343072792205e-05,TGO,2019
1968,COD,Growing wheat industry,PNG,3.2545371156714344e-08,TGO,2019
1969,COD,Growing maize industry,PNG,0.0,TGO,2019
1970,COD,Growing cereals n.e.c industry,PNG,0.0,TGO,2019
1971,COD,Growing leguminous crops and oil seeds industry,PNG,7.939026448560709e-08,TGO,2019
1972,COD,Growing rice industry,PNG,1.0015940231978815e-08,TGO,2019
1973,COD,"Growing vegetables, roots, tubers industry",PNG,8.659983205170611e-08,TGO,2019
1974,COD,Growing sugar beet and cane industry,PNG,9.763561478740414e-09,TGO,2019
1975,COD,Growing tobacco industry,PNG,2.556732587392505e-10,TGO,2019
1976,COD,Growing fibre crops industry,PNG,3.6259678542224374e-08,TGO,2019
1977,COD,Growing crops n.e.c. industry,PNG,7.33017813364492e-08,TGO,2019
1978,COD,Growing grapes industry,PNG,0.0,TGO,2019
1979,COD,Growing fruits and nuts industry,PNG,1.2059637137976875e-08,TGO,2019
1980,COD,"Growing beverage crops (coffee, tea etc) industry",PNG,3.677167634136805e-08,TGO,2019
1981,COD,"Growing spices, aromatic, drug and pharmaceutical crops industry",PNG,1.2750776596707872e-08,TGO,2019
1982,COD,Seeds and plant propagation industry,PNG,0.0,TGO,2019
1983,COD,Raising of cattle industry,PNG,2.9955136007133624e-06,TGO,2019
1984,COD,Growing wheat industry,POL,7.837355817154083e-07,TGO,2019
1985,COD,Growing maize industry,POL,0.0,TGO,2019
1986,COD,Growing cereals n.e.c industry,POL,0.0,TGO,2019
1987,COD,Growing leguminous crops and oil seeds industry,POL,1.7991024971285418e-06,TGO,2019
1988,COD,Growing rice industry,POL,2.637086193252948e-07,TGO,2019
1989,COD,"Growing vegetables, roots, tubers industry",POL,2.2832477365866147e-06,TGO,2019
1990,COD,Growing sugar beet and cane industry,POL,2.632007892994379e-07,TGO,2019
1991,COD,Growing tobacco industry,POL,5.2609231195576154e-09,TGO,2019
1992,COD,Growing fibre crops industry,POL,1.1182919488388895e-06,TGO,2019
1993,COD,Growing crops n.e.c. industry,POL,1.961950239492139e-06,TGO,2019
1994,COD,Growing grapes industry,POL,0.0,TGO,2019
1995,COD,Growing fruits and nuts industry,POL,2.6246738795388953e-07,TGO,2019
1996,COD,"Growing beverage crops (coffee, tea etc) industry",POL,8.964528421313088e-07,TGO,2019
1997,COD,"Growing spices, aromatic, drug and pharmaceutical crops industry",POL,3.120823766270684e-07,TGO,2019
1998,COD,Seeds and plant propagation industry,POL,0.0,TGO,2019
1999,COD,Raising of cattle industry,POL,7.042146110947905e-05,TGO,2019
2000,COD,Growing wheat industry,PRK,2.1018446309933825e-08,TGO,2019
2001,COD,Growing maize industry,PRK,0.0,TGO,2019
2002,COD,Growing cereals n.e.c industry,PRK,0.0,TGO,2019
2003,COD,Growing leguminous crops and oil seeds industry,PRK,4.9479978621659235e-08,TGO,2019
2004,COD,Growing rice industry,PRK,8.408933740556753e-09,TGO,2019
2005,COD,"Growing vegetables, roots, tubers industry",PRK,3.9553963972269637e-08,TGO,2019
2006,COD,Growing sugar beet and cane industry,PRK,7.088390854811911e-09,TGO,2019
2007,COD,Growing tobacco industry,PRK,1.3301280341369715e-10,TGO,2019
2008,COD,Growing fibre crops industry,PRK,2.4410822156723266e-08,TGO,2019
2009,COD,Growing crops n.e.c. industry,PRK,6.2177101266992e-08,TGO,2019
2010,COD,Growing grapes industry,PRK,0.0,TGO,2019
2011,COD,Growing fruits and nuts industry,PRK,6.958302400418085e-09,TGO,2019
2012,COD,"Growing beverage crops (coffee, tea etc) industry",PRK,1.7242187229827286e-08,TGO,2019
2013,COD,"Growing spices, aromatic, drug and pharmaceutical crops industry",PRK,6.868180952825924e-09,TGO,2019
2014,COD,Seeds and plant propagation industry,PRK,0.0,TGO,2019
2015,COD,Raising of cattle industry,PRK,2.1818244099369793e-06,TGO,2019
2016,COD,Growing wheat industry,PRT,3.9741499832555604e-07,TGO,2019
2017,COD,Growing maize industry,PRT,0.0,TGO,2019
2018,COD,Growing cereals n.e.c industry,PRT,0.0,TGO,2019
2019,COD,Growing leguminous crops and oil seeds industry,PRT,1.3589377417598733e-06,TGO,2019
2020,COD,Growing rice industry,PRT,1.4204078174126336e-07,TGO,2019
2021,COD,"Growing vegetables, roots, tubers industry",PRT,1.363996362013159e-06,TGO,2019
2022,COD,Growing sugar beet and cane industry,PRT,1.4421423221034053e-07,TGO,2019
2023,COD,Growing tobacco industry,PRT,5.157779467259315e-09,TGO,2019
2024,COD,Growing fibre crops industry,PRT,1.236952412172081e-06,TGO,2019
2025,COD,Growing crops n.e.c. industry,PRT,1.064541756208225e-06,TGO,2019
2026,COD,Growing grapes industry,PRT,0.0,TGO,2019
2027,COD,Growing fruits and nuts industry,PRT,1.3809744019753534e-07,TGO,2019
2028,COD,"Growing beverage crops (coffee, tea etc) industry",PRT,6.314697469095414e-07,TGO,2019
2029,COD,"Growing spices, aromatic, drug and pharmaceutical crops industry",PRT,2.470941524037483e-07,TGO,2019
2030,COD,Seeds and plant propagation industry,PRT,0.0,TGO,2019
2031,COD,Raising of cattle industry,PRT,3.96379706734052e-05,TGO,2019
2032,COD,Growing wheat industry,PRY,7.371656075871178e-08,TGO,2019
2033,COD,Growing maize industry,PRY,0.0,TGO,2019
2034,COD,Growing cereals n.e.c industry,PRY,0.0,TGO,2019
2035,COD,Growing leguminous crops and oil seeds industry,PRY,1.6401781971673663e-07,TGO,2019
2036,COD,Growing rice industry,PRY,2.7193071968018968e-08,TGO,2019
2037,COD,"Growing vegetables, roots, tubers industry",PRY,1.809651117414291e-07,TGO,2019
2038,COD,Growing sugar beet and cane industry,PRY,2.441785009023622e-08,TGO,2019
2039,COD,Growing tobacco industry,PRY,4.1707315806159876e-10,TGO,2019
2040,COD,Growing fibre crops industry,PRY,9.707338409372973e-08,TGO,2019
2041,COD,Growing crops n.e.c. industry,PRY,2.0126666957923968e-07,TGO,2019
2042,COD,Growing grapes industry,PRY,0.0,TGO,2019
2043,COD,Growing fruits and nuts industry,PRY,2.098398784776917e-08,TGO,2019
2044,COD,"Growing beverage crops (coffee, tea etc) industry",PRY,7.274202535634707e-08,TGO,2019
2045,COD,"Growing spices, aromatic, drug and pharmaceutical crops industry",PRY,1.5859470418996985e-08,TGO,2019
2046,COD,Seeds and plant propagation industry,PRY,0.0,TGO,2019
2047,COD,Raising of cattle industry,PRY,7.43502777176059e-06,TGO,2019
2048,COD,Growing wheat industry,QAT,1.7285475552291368e-07,TGO,2019
2049,COD,Growing maize industry,QAT,0.0,TGO,2019
2050,COD,Growing cereals n.e.c industry,QAT,0.0,TGO,2019
2051,COD,Growing leguminous crops and oil seeds industry,QAT,3.949638518129447e-07,TGO,2019
2052,COD,Growing rice industry,QAT,6.204037621177402e-08,TGO,2019
2053,COD,"Growing vegetables, roots, tubers industry",QAT,4.160645272661983e-07,TGO,2019
2054,COD,Growing sugar beet and cane industry,QAT,5.525197400133845e-08,TGO,2019
2055,COD,Growing tobacco industry,QAT,1.107867940253102e-09,TGO,2019
2056,COD,Growing fibre crops industry,QAT,1.7793700671055803e-07,TGO,2019
2057,COD,Growing crops n.e.c. industry,QAT,4.582543629434892e-07,TGO,2019
2058,COD,Growing grapes industry,QAT,0.0,TGO,2019
2059,COD,Growing fruits and nuts industry,QAT,4.472138050267267e-08,TGO,2019
2060,COD,"Growing beverage crops (coffee, tea etc) industry",QAT,1.7093723497273978e-07,TGO,2019
2061,COD,"Growing spices, aromatic, drug and pharmaceutical crops industry",QAT,5.411134905138422e-08,TGO,2019
2062,COD,Seeds and plant propagation industry,QAT,0.0,TGO,2019
2063,COD,Raising of cattle industry,QAT,1.7477343457774024e-05,TGO,2019
2064,COD,Growing wheat industry,ROU,4.245903612726909e-07,TGO,2019
2065,COD,Growing maize industry,ROU,0.0,TGO,2019
2066,COD,Growing cereals n.e.c industry,ROU,0.0,TGO,2019
2067,COD,Growing leguminous crops and oil seeds industry,ROU,8.655952860527683e-07,TGO,2019
2068,COD,Growing rice industry,ROU,1.7656647735123609e-07,TGO,2019
2069,COD,"Growing vegetables, roots, tubers industry",ROU,5.369275872611506e-07,TGO,2019
2070,COD,Growing sugar beet and cane industry,ROU,1.3663973097368074e-07,TGO,2019
2071,COD,Growing tobacco industry,ROU,1.8623574880793676e-09,TGO,2019
2072,COD,Growing fibre crops industry,ROU,1.8317516333514005e-07,TGO,2019
2073,COD,Growing crops n.e.c. industry,ROU,1.2690453935448788e-06,TGO,2019
2074,COD,Growing grapes industry,ROU,0.0,TGO,2019
2075,COD,Growing fruits and nuts industry,ROU,3.9193829945362264e-08,TGO,2019
2076,COD,"Growing beverage crops (coffee, tea etc) industry",ROU,2.3525536104132143e-07,TGO,2019
2077,COD,"Growing spices, aromatic, drug and pharmaceutical crops industry",ROU,5.838872667363279e-08,TGO,2019
2078,COD,Seeds and plant propagation industry,ROU,0.0,TGO,2019
2079,COD,Raising of cattle industry,ROU,4.509126241137006e-05,TGO,2019
2080,COD,Growing wheat industry,RUS,2.2847515208604466e-06,TGO,2019
2081,COD,Growing maize industry,RUS,0.0,TGO,2019
2082,COD,Growing cereals n.e.c industry,RUS,0.0,TGO,2019
2083,COD,Growing leguminous crops and oil seeds industry,RUS,5.331735252054832e-06,TGO,2019
2084,COD,Growing rice industry,RUS,8.762394042960291e-07,TGO,2019
2085,COD,"Growing vegetables, roots, tubers industry",RUS,5.429950688834143e-06,TGO,2019
2086,COD,Growing sugar beet and cane industry,RUS,7.533089869156788e-07,TGO,2019
2087,COD,Growing tobacco industry,RUS,1.5011189055800776e-08,TGO,2019
2088,COD,Growing fibre crops industry,RUS,2.341090250270783e-06,TGO,2019
2089,COD,Growing crops n.e.c. industry,RUS,6.534361477921626e-06,TGO,2019
2090,COD,Growing grapes industry,RUS,0.0,TGO,2019
2091,COD,Growing fruits and nuts industry,RUS,5.64959819155461e-07,TGO,2019
2092,COD,"Growing beverage crops (coffee, tea etc) industry",RUS,2.2535742418195933e-06,TGO,2019
2093,COD,"Growing spices, aromatic, drug and pharmaceutical crops industry",RUS,7.722777286906432e-07,TGO,2019
2094,COD,Seeds and plant propagation industry,RUS,0.0,TGO,2019
2095,COD,Raising of cattle industry,RUS,0.00023055552997204988,TGO,2019
2096,COD,Growing wheat industry,RWA,3.864692315907774e-08,TGO,2019
2097,COD,Growing maize industry,RWA,0.0,TGO,2019
2098,COD,Growing cereals n.e.c industry,RWA,0.0,TGO,2019
2099,COD,Growing leguminous crops and oil seeds industry,RWA,1.1371504315348463e-07,TGO,2019
2100,COD,Growing rice industry,RWA,1.1478525618241093e-08,TGO,2019
2101,COD,"Growing vegetables, roots, tubers industry",RWA,1.0992478474916093e-07,TGO,2019
2102,COD,Growing sugar beet and cane industry,RWA,1.9949407675730726e-07,TGO,2019
2103,COD,Growing tobacco industry,RWA,2.1836939372807918e-10,TGO,2019
2104,COD,Growing fibre crops industry,RWA,3.0491581920184024e-08,TGO,2019
2105,COD,Growing crops n.e.c. industry,RWA,8.288430404248219e-08,TGO,2019
2106,COD,Growing grapes industry,RWA,0.0,TGO,2019
2107,COD,Growing fruits and nuts industry,RWA,8.221193449327278e-09,TGO,2019
2108,COD,"Growing beverage crops (coffee, tea etc) industry",RWA,4.502787409587779e-08,TGO,2019
2109,COD,"Growing spices, aromatic, drug and pharmaceutical crops industry",RWA,8.004157995837185e-09,TGO,2019
2110,COD,Seeds and plant propagation industry,RWA,0.0,TGO,2019
2111,COD,Raising of cattle industry,RWA,2.9457174284157946e-06,TGO,2019
2112,COD,Growing wheat industry,SAU,9.012462872420794e-07,TGO,2019
2113,COD,Growing maize industry,SAU,0.0,TGO,2019
2114,COD,Growing cereals n.e.c industry,SAU,0.0,TGO,2019
2115,COD,Growing leguminous crops and oil seeds industry,SAU,2.174741128527848e-06,TGO,2019
2116,COD,Growing rice industry,SAU,3.1477755930201654e-07,TGO,2019
2117,COD,"Growing vegetables, roots, tubers industry",SAU,2.4715775546226385e-06,TGO,2019
2118,COD,Growing sugar beet and cane industry,SAU,3.049349929758229e-07,TGO,2019
2119,COD,Growing tobacco industry,SAU,6.312992360337948e-09,TGO,2019
2120,COD,Growing fibre crops industry,SAU,1.4367029804768117e-06,TGO,2019
2121,COD,Growing crops n.e.c. industry,SAU,2.3761727229039093e-06,TGO,2019
2122,COD,Growing grapes industry,SAU,0.0,TGO,2019
2123,COD,Growing fruits and nuts industry,SAU,3.326695523816684e-07,TGO,2019
2124,COD,"Growing beverage crops (coffee, tea etc) industry",SAU,1.0415175235865746e-06,TGO,2019
2125,COD,"Growing spices, aromatic, drug and pharmaceutical crops industry",SAU,3.228147099527047e-07,TGO,2019
2126,COD,Seeds and plant propagation industry,SAU,0.0,TGO,2019
2127,COD,Raising of cattle industry,SAU,8.70355700366783e-05,TGO,2019
2128,COD,Growing wheat industry,SDS,1.6938965938941074e-07,TGO,2019
2129,COD,Growing maize industry,SDS,0.0,TGO,2019
2130,COD,Growing cereals n.e.c industry,SDS,0.0,TGO,2019
2131,COD,Growing leguminous crops and oil seeds industry,SDS,3.5118162709230385e-07,TGO,2019
2132,COD,Growing rice industry,SDS,7.069742725048681e-08,TGO,2019
2133,COD,"Growing vegetables, roots, tubers industry",SDS,1.763601703170768e-07,TGO,2019
2134,COD,Growing sugar beet and cane industry,SDS,5.40169367685646e-08,TGO,2019
2135,COD,Growing tobacco industry,SDS,7.468800040967806e-10,TGO,2019
2136,COD,Growing fibre crops industry,SDS,5.689313333795977e-08,TGO,2019
2137,COD,Growing crops n.e.c. industry,SDS,5.066709873422348e-07,TGO,2019
2138,COD,Growing grapes industry,SDS,0.0,TGO,2019
2139,COD,Growing fruits and nuts industry,SDS,1.0546531005488761e-08,TGO,2019
2140,COD,"Growing beverage crops (coffee, tea etc) industry",SDS,8.153905830038406e-08,TGO,2019
2141,COD,"Growing spices, aromatic, drug and pharmaceutical crops industry",SDS,2.4991990423633493e-08,TGO,2019
2142,COD,Seeds and plant propagation industry,SDS,0.0,TGO,2019
2143,COD,Raising of cattle industry,SDS,1.808628819524388e-05,TGO,2019
2144,COD,Growing wheat industry,SEN,1.1420683614701684e-06,TGO,2019
2145,COD,Growing maize industry,SEN,0.0,TGO,2019
2146,COD,Growing cereals n.e.c industry,SEN,0.0,TGO,2019
2147,COD,Growing leguminous crops and oil seeds industry,SEN,2.764656651096145e-06,TGO,2019
2148,COD,Growing rice industry,SEN,4.305216119005631e-07,TGO,2019
2149,COD,"Growing vegetables, roots, tubers industry",SEN,3.1628559887241817e-06,TGO,2019
2150,COD,Growing sugar beet and cane industry,SEN,5.968138523794862e-07,TGO,2019
2151,COD,Growing tobacco industry,SEN,7.806386811501854e-09,TGO,2019
2152,COD,Growing fibre crops industry,SEN,2.365889692089512e-06,TGO,2019
2153,COD,Growing crops n.e.c. industry,SEN,3.2461766376855963e-06,TGO,2019
2154,COD,Growing grapes industry,SEN,0.0,TGO,2019
2155,COD,Growing fruits and nuts industry,SEN,4.133881078028106e-07,TGO,2019
2156,COD,"Growing beverage crops (coffee, tea etc) industry",SEN,1.3098278641434425e-06,TGO,2019
2157,COD,"Growing spices, aromatic, drug and pharmaceutical crops industry",SEN,3.822022773513125e-07,TGO,2019
2158,COD,Seeds and plant propagation industry,SEN,0.0,TGO,2019
2159,COD,Raising of cattle industry,SEN,0.00012010376207301966,TGO,2019
2160,COD,Growing wheat industry,SGP,4.676972297446248e-07,TGO,2019
2161,COD,Growing maize industry,SGP,0.0,TGO,2019
2162,COD,Growing cereals n.e.c industry,SGP,0.0,TGO,2019
2163,COD,Growing leguminous crops and oil seeds industry,SGP,1.2352634886723745e-06,TGO,2019
2164,COD,Growing rice industry,SGP,1.6270199502326985e-07,TGO,2019
2165,COD,"Growing vegetables, roots, tubers industry",SGP,1.2640366110896203e-06,TGO,2019
2166,COD,Growing sugar beet and cane industry,SGP,1.6567669528661137e-07,TGO,2019
2167,COD,Growing tobacco industry,SGP,3.978061825406195e-09,TGO,2019
2168,COD,Growing fibre crops industry,SGP,4.424443905010906e-07,TGO,2019
2169,COD,Growing crops n.e.c. industry,SGP,1.209598255534847e-06,TGO,2019
2170,COD,Growing grapes industry,SGP,0.0,TGO,2019
2171,COD,Growing fruits and nuts industry,SGP,1.2677703741694998e-07,TGO,2019
2172,COD,"Growing beverage crops (coffee, tea etc) industry",SGP,5.457387473867565e-07,TGO,2019
2173,COD,"Growing spices, aromatic, drug and pharmaceutical crops industry",SGP,2.0690791188020708e-07,TGO,2019
2174,COD,Seeds and plant propagation industry,SGP,0.0,TGO,2019
2175,COD,Raising of cattle industry,SGP,4.403792809237457e-05,TGO,2019
2176,COD,Growing wheat industry,SLE,4.609099360247725e-08,TGO,2019
2177,COD,Growing maize industry,SLE,0.0,TGO,2019
2178,COD,Growing cereals n.e.c industry,SLE,0.0,TGO,2019
2179,COD,Growing leguminous crops and oil seeds industry,SLE,1.266162943276276e-07,TGO,2019
2180,COD,Growing rice industry,SLE,1.469058803730299e-08,TGO,2019
2181,COD,"Growing vegetables, roots, tubers industry",SLE,1.4170558695669525e-07,TGO,2019
2182,COD,Growing sugar beet and cane industry,SLE,1.3756556066004626e-07,TGO,2019
2183,COD,Growing tobacco industry,SLE,2.9893233196501543e-10,TGO,2019
2184,COD,Growing fibre crops industry,SLE,1.0596469095574949e-07,TGO,2019
2185,COD,Growing crops n.e.c. industry,SLE,1.0959345393556988e-07,TGO,2019
2186,COD,Growing grapes industry,SLE,0.0,TGO,2019
2187,COD,Growing fruits and nuts industry,SLE,1.685322824710247e-08,TGO,2019
2188,COD,"Growing beverage crops (coffee, tea etc) industry",SLE,5.9158734565397273e-08,TGO,2019
2189,COD,"Growing spices, aromatic, drug and pharmaceutical crops industry",SLE,1.2190159451581792e-08,TGO,2019
2190,COD,Seeds and plant propagation industry,SLE,0.0,TGO,2019
2191,COD,Raising of cattle industry,SLE,3.938216944716234e-06,TGO,2019
2192,COD,Growing wheat industry,SLV,6.110642006656797e-08,TGO,2019
2193,COD,Growing maize industry,SLV,0.0,TGO,2019
2194,COD,Growing cereals n.e.c industry,SLV,0.0,TGO,2019
2195,COD,Growing leguminous crops and oil seeds industry,SLV,1.465709467662291e-07,TGO,2019
2196,COD,Growing rice industry,SLV,2.2713466638228545e-08,TGO,2019
2197,COD,"Growing vegetables, roots, tubers industry",SLV,2.2472957900832444e-07,TGO,2019
2198,COD,Growing sugar beet and cane industry,SLV,2.242001113105631e-08,TGO,2019
2199,COD,Growing tobacco industry,SLV,3.948679291811184e-10,TGO,2019
2200,COD,Growing fibre crops industry,SLV,4.304898714600797e-07,TGO,2019
2201,COD,Growing crops n.e.c. industry,SLV,1.697058437932794e-07,TGO,2019
2202,COD,Growing grapes industry,SLV,0.0,TGO,2019
2203,COD,Growing fruits and nuts industry,SLV,3.455860829263359e-08,TGO,2019
2204,COD,"Growing beverage crops (coffee, tea etc) industry",SLV,8.11116282139705e-08,TGO,2019
2205,COD,"Growing spices, aromatic, drug and pharmaceutical crops industry",SLV,2.7187912431339627e-08,TGO,2019
2206,COD,Seeds and plant propagation industry,SLV,0.0,TGO,2019
2207,COD,Raising of cattle industry,SLV,5.93135924729662e-06,TGO,2019
2208,COD,Growing wheat industry,SOM,2.607675036775353e-08,TGO,2019
2209,COD,Growing maize industry,SOM,0.0,TGO,2019
2210,COD,Growing cereals n.e.c industry,SOM,0.0,TGO,2019
2211,COD,Growing leguminous crops and oil seeds industry,SOM,5.6770418792497974e-08,TGO,2019
2212,COD,Growing rice industry,SOM,1.0036029763870851e-08,TGO,2019
2213,COD,"Growing vegetables, roots, tubers industry",SOM,4.474991027814338e-08,TGO,2019
2214,COD,Growing sugar beet and cane industry,SOM,8.312705099889687e-09,TGO,2019
2215,COD,Growing tobacco industry,SOM,1.4196273659554938e-10,TGO,2019
2216,COD,Growing fibre crops industry,SOM,1.6028060627001358e-08,TGO,2019
2217,COD,Growing crops n.e.c. industry,SOM,7.330065943581642e-08,TGO,2019
2218,COD,Growing grapes industry,SOM,0.0,TGO,2019
2219,COD,Growing fruits and nuts industry,SOM,4.06193364501873e-09,TGO,2019
2220,COD,"Growing beverage crops (coffee, tea etc) industry",SOM,1.9206359821379216e-08,TGO,2019
2221,COD,"Growing spices, aromatic, drug and pharmaceutical crops industry",SOM,6.323458656001792e-09,TGO,2019
2222,COD,Seeds and plant propagation industry,SOM,0.0,TGO,2019
2223,COD,Raising of cattle industry,SOM,2.684658293242604e-06,TGO,2019
2224,COD,Growing wheat industry,SRB,7.148800897673075e-08,TGO,2019
2225,COD,Growing maize industry,SRB,0.0,TGO,2019
2226,COD,Growing cereals n.e.c industry,SRB,0.0,TGO,2019
2227,COD,Growing leguminous crops and oil seeds industry,SRB,1.8185306108839357e-07,TGO,2019
2228,COD,Growing rice industry,SRB,2.1650141415226116e-08,TGO,2019
2229,COD,"Growing vegetables, roots, tubers industry",SRB,1.9087062594776756e-07,TGO,2019
2230,COD,Growing sugar beet and cane industry,SRB,2.029790443209942e-08,TGO,2019
2231,COD,Growing tobacco industry,SRB,6.163848842826242e-10,TGO,2019
2232,COD,Growing fibre crops industry,SRB,6.884557893263849e-08,TGO,2019
2233,COD,Growing crops n.e.c. industry,SRB,1.5738108110609397e-07,TGO,2019
2234,COD,Growing grapes industry,SRB,0.0,TGO,2019
2235,COD,Growing fruits and nuts industry,SRB,1.920042546854503e-08,TGO,2019
2236,COD,"Growing beverage crops (coffee, tea etc) industry",SRB,8.247148931486433e-08,TGO,2019
2237,COD,"Growing spices, aromatic, drug and pharmaceutical crops industry",SRB,2.982673865999862e-08,TGO,2019
2238,COD,Seeds and plant propagation industry,SRB,0.0,TGO,2019
2239,COD,Raising of cattle industry,SRB,6.709092182639713e-06,TGO,2019
2240,COD,Growing wheat industry,SDN,1.3573087197136952e-07,TGO,2019
2241,COD,Growing maize industry,SDN,0.0,TGO,2019
2242,COD,Growing cereals n.e.c industry,SDN,0.0,TGO,2019
2243,COD,Growing leguminous crops and oil seeds industry,SDN,2.92460603973794e-07,TGO,2019
2244,COD,Growing rice industry,SDN,5.213279213485265e-08,TGO,2019
2245,COD,"Growing vegetables, roots, tubers industry",SDN,3.7963068200339264e-07,TGO,2019
2246,COD,Growing sugar beet and cane industry,SDN,5.225574244824344e-08,TGO,2019
2247,COD,Growing tobacco industry,SDN,6.754299740793852e-10,TGO,2019
2248,COD,Growing fibre crops industry,SDN,4.504503274676999e-07,TGO,2019
2249,COD,Growing crops n.e.c. industry,SDN,3.8807616333597395e-07,TGO,2019
2250,COD,Growing grapes industry,SDN,0.0,TGO,2019
2251,COD,Growing fruits and nuts industry,SDN,4.879196734744041e-08,TGO,2019
2252,COD,"Growing beverage crops (coffee, tea etc) industry",SDN,1.247750581502773e-07,TGO,2019
2253,COD,"Growing spices, aromatic, drug and pharmaceutical crops industry",SDN,3.1644838591734005e-08,TGO,2019
2254,COD,Seeds and plant propagation industry,SDN,0.0,TGO,2019
2255,COD,Raising of cattle industry,SDN,1.3839312746786453e-05,TGO,2019
2256,COD,Growing wheat industry,SVK,1.3852404459775756e-07,TGO,2019
2257,COD,Growing maize industry,SVK,0.0,TGO,2019
2258,COD,Growing cereals n.e.c industry,SVK,0.0,TGO,2019
2259,COD,Growing leguminous crops and oil seeds industry,SVK,3.2132468604117753e-07,TGO,2019
2260,COD,Growing rice industry,SVK,5.407277667367347e-08,TGO,2019
2261,COD,"Growing vegetables, roots, tubers industry",SVK,3.2015941155527426e-07,TGO,2019
2262,COD,Growing sugar beet and cane industry,SVK,4.6899677113787524e-08,TGO,2019
2263,COD,Growing tobacco industry,SVK,8.807414498452383e-10,TGO,2019
2264,COD,Growing fibre crops industry,SVK,1.4612514931130047e-07,TGO,2019
2265,COD,Growing crops n.e.c. industry,SVK,4.019379892977623e-07,TGO,2019
2266,COD,Growing grapes industry,SVK,0.0,TGO,2019
2267,COD,Growing fruits and nuts industry,SVK,3.367380388225283e-08,TGO,2019
2268,COD,"Growing beverage crops (coffee, tea etc) industry",SVK,1.3262658869319488e-07,TGO,2019
2269,COD,"Growing spices, aromatic, drug and pharmaceutical crops industry",SVK,4.4551714844364346e-08,TGO,2019
2270,COD,Seeds and plant propagation industry,SVK,0.0,TGO,2019
2271,COD,Raising of cattle industry,SVK,1.3969842451131878e-05,TGO,2019
2272,COD,Growing wheat industry,SVN,1.1968453600959724e-07,TGO,2019
2273,COD,Growing maize industry,SVN,0.0,TGO,2019
2274,COD,Growing cereals n.e.c industry,SVN,0.0,TGO,2019
2275,COD,Growing leguminous crops and oil seeds industry,SVN,2.626624586100924e-07,TGO,2019
2276,COD,Growing rice industry,SVN,4.688649865148291e-08,TGO,2019
2277,COD,"Growing vegetables, roots, tubers industry",SVN,1.780184485259814e-07,TGO,2019
2278,COD,Growing sugar beet and cane industry,SVN,3.85500954450082e-08,TGO,2019
2279,COD,Growing tobacco industry,SVN,6.555718511087976e-10,TGO,2019
2280,COD,Growing fibre crops industry,SVN,5.7166646041655576e-08,TGO,2019
2281,COD,Growing crops n.e.c. industry,SVN,3.3805422362769367e-07,TGO,2019
2282,COD,Growing grapes industry,SVN,0.0,TGO,2019
2283,COD,Growing fruits and nuts industry,SVN,1.3824146368736438e-08,TGO,2019
2284,COD,"Growing beverage crops (coffee, tea etc) industry",SVN,8.120466116992351e-08,TGO,2019
2285,COD,"Growing spices, aromatic, drug and pharmaceutical crops industry",SVN,2.277730410599884e-08,TGO,2019
2286,COD,Seeds and plant propagation industry,SVN,0.0,TGO,2019
2287,COD,Raising of cattle industry,SVN,1.219964166941093e-05,TGO,2019
2288,COD,Growing wheat industry,SWE,3.863798700717109e-07,TGO,2019
2289,COD,Growing maize industry,SWE,0.0,TGO,2019
2290,COD,Growing cereals n.e.c industry,SWE,0.0,TGO,2019
2291,COD,Growing leguminous crops and oil seeds industry,SWE,1.036744437022798e-06,TGO,2019
2292,COD,Growing rice industry,SWE,1.41889121675125e-07,TGO,2019
2293,COD,"Growing vegetables, roots, tubers industry",SWE,9.678973983110898e-07,TGO,2019
2294,COD,Growing sugar beet and cane industry,SWE,1.4666499221862145e-07,TGO,2019
2295,COD,Growing tobacco industry,SWE,3.340073339196712e-09,TGO,2019
2296,COD,Growing fibre crops industry,SWE,3.314197273316414e-07,TGO,2019
2297,COD,Growing crops n.e.c. industry,SWE,1.0494571302439978e-06,TGO,2019
2298,COD,Growing grapes industry,SWE,0.0,TGO,2019
2299,COD,Growing fruits and nuts industry,SWE,8.98816126199941e-08,TGO,2019
2300,COD,"Growing beverage crops (coffee, tea etc) industry",SWE,4.3132326211285825e-07,TGO,2019
2301,COD,"Growing spices, aromatic, drug and pharmaceutical crops industry",SWE,1.627922275322163e-07,TGO,2019
2302,COD,Seeds and plant propagation industry,SWE,0.0,TGO,2019
2303,COD,Raising of cattle industry,SWE,3.7649667674741814e-05,TGO,2019
2304,COD,Growing wheat industry,SYR,5.235928794685345e-07,TGO,2019
2305,COD,Growing maize industry,SYR,0.0,TGO,2019
2306,COD,Growing cereals n.e.c industry,SYR,0.0,TGO,2019
2307,COD,Growing leguminous crops and oil seeds industry,SYR,1.0790405645972687e-06,TGO,2019
2308,COD,Growing rice industry,SYR,2.018093266327272e-07,TGO,2019
2309,COD,"Growing vegetables, roots, tubers industry",SYR,1.2180935961624773e-06,TGO,2019
2310,COD,Growing sugar beet and cane industry,SYR,1.7588832600190128e-07,TGO,2019
2311,COD,Growing tobacco industry,SYR,2.4014723897109823e-09,TGO,2019
2312,COD,Growing fibre crops industry,SYR,6.636751716687872e-07,TGO,2019
2313,COD,Growing crops n.e.c. industry,SYR,1.5034038753283284e-06,TGO,2019
2314,COD,Growing grapes industry,SYR,0.0,TGO,2019
2315,COD,Growing fruits and nuts industry,SYR,1.3950731888506562e-07,TGO,2019
2316,COD,"Growing beverage crops (coffee, tea etc) industry",SYR,4.7033533212173014e-07,TGO,2019
2317,COD,"Growing spices, aromatic, drug and pharmaceutical crops industry",SYR,9.220099067272243e-08,TGO,2019
2318,COD,Seeds and plant propagation industry,SYR,0.0,TGO,2019
2319,COD,Raising of cattle industry,SYR,5.351187659684373e-05,TGO,2019
2320,COD,Growing wheat industry,TCD,1.0725504655150986e-06,TGO,2019
2321,COD,Growing maize industry,TCD,0.0,TGO,2019
2322,COD,Growing cereals n.e.c industry,TCD,0.0,TGO,2019
2323,COD,Growing leguminous crops and oil seeds industry,TCD,2.479235538019268e-06,TGO,2019
2324,COD,Growing rice industry,TCD,4.485946102547257e-07,TGO,2019
2325,COD,"Growing vegetables, roots, tubers industry",TCD,2.7152234915066706e-06,TGO,2019
2326,COD,Growing sugar beet and cane industry,TCD,3.758162531029687e-07,TGO,2019
2327,COD,Growing tobacco industry,TCD,6.5457045054171955e-09,TGO,2019
2328,COD,Growing fibre crops industry,TCD,1.3903318330043781e-06,TGO,2019
2329,COD,Growing crops n.e.c. industry,TCD,3.3997488003061273e-06,TGO,2019
2330,COD,Growing grapes industry,TCD,0.0,TGO,2019
2331,COD,Growing fruits and nuts industry,TCD,2.8537576932899854e-07,TGO,2019
2332,COD,"Growing beverage crops (coffee, tea etc) industry",TCD,1.1098385715770344e-06,TGO,2019
2333,COD,"Growing spices, aromatic, drug and pharmaceutical crops industry",TCD,3.41835808188209e-07,TGO,2019
2334,COD,Seeds and plant propagation industry,TCD,0.0,TGO,2019
2335,COD,Raising of cattle industry,TCD,0.00011183902255558129,TGO,2019
2336,COD,Growing wheat industry,TGO,0.0,TGO,2019
2337,COD,Growing maize industry,TGO,0.0,TGO,2019
2338,COD,Growing cereals n.e.c industry,TGO,0.0,TGO,2019
2339,COD,Growing leguminous crops and oil seeds industry,TGO,0.0,TGO,2019
2340,COD,Growing rice industry,TGO,0.0,TGO,2019
2341,COD,"Growing vegetables, roots, tubers industry",TGO,0.0,TGO,2019
2342,COD,Growing sugar beet and cane industry,TGO,0.0,TGO,2019
2343,COD,Growing tobacco industry,TGO,0.0,TGO,2019
2344,COD,Growing fibre crops industry,TGO,0.0,TGO,2019
2345,COD,Growing crops n.e.c. industry,TGO,0.0,TGO,2019
2346,COD,Growing grapes industry,TGO,0.0,TGO,2019
2347,COD,Growing fruits and nuts industry,TGO,0.0,TGO,2019
2348,COD,"Growing beverage crops (coffee, tea etc) industry",TGO,0.0,TGO,2019
2349,COD,"Growing spices, aromatic, drug and pharmaceutical crops industry",TGO,0.0,TGO,2019
2350,COD,Seeds and plant propagation industry,TGO,0.0,TGO,2019
2351,COD,Raising of cattle industry,TGO,0.0,TGO,2019
2352,COD,Growing wheat industry,THA,8.455428107629362e-07,TGO,2019
2353,COD,Growing maize industry,THA,0.0,TGO,2019
2354,COD,Growing cereals n.e.c industry,THA,0.0,TGO,2019
2355,COD,Growing leguminous crops and oil seeds industry,THA,2.0507410480966413e-06,TGO,2019
2356,COD,Growing rice industry,THA,2.7548957001326445e-07,TGO,2019
2357,COD,"Growing vegetables, roots, tubers industry",THA,2.4256835324639194e-06,TGO,2019
2358,COD,Growing sugar beet and cane industry,THA,2.9612340670402763e-07,TGO,2019
2359,COD,Growing tobacco industry,THA,6.159573427550477e-09,TGO,2019
2360,COD,Growing fibre crops industry,THA,1.3092944384637495e-06,TGO,2019
2361,COD,Growing crops n.e.c. industry,THA,2.0736867093934126e-06,TGO,2019
2362,COD,Growing grapes industry,THA,0.0,TGO,2019
2363,COD,Growing fruits and nuts industry,THA,6.13804663562499e-07,TGO,2019
2364,COD,"Growing beverage crops (coffee, tea etc) industry",THA,1.0262563797489265e-06,TGO,2019
2365,COD,"Growing spices, aromatic, drug and pharmaceutical crops industry",THA,3.326219373544465e-07,TGO,2019
2366,COD,Seeds and plant propagation industry,THA,0.0,TGO,2019
2367,COD,Raising of cattle industry,THA,7.43354621193855e-05,TGO,2019
2368,COD,Growing wheat industry,TJK,3.8201895356518315e-08,TGO,2019
2369,COD,Growing maize industry,TJK,0.0,TGO,2019
2370,COD,Growing cereals n.e.c industry,TJK,0.0,TGO,2019
2371,COD,Growing leguminous crops and oil seeds industry,TJK,8.284118966173688e-08,TGO,2019
2372,COD,Growing rice industry,TJK,1.521283720649471e-08,TGO,2019
2373,COD,"Growing vegetables, roots, tubers industry",TJK,8.38351022648221e-08,TGO,2019
2374,COD,Growing sugar beet and cane industry,TJK,1.308457129964959e-08,TGO,2019
2375,COD,Growing tobacco industry,TJK,1.9655906226829518e-10,TGO,2019
2376,COD,Growing fibre crops industry,TJK,3.159707779031729e-08,TGO,2019
2377,COD,Growing crops n.e.c. industry,TJK,1.128378285828517e-07,TGO,2019
2378,COD,Growing grapes industry,TJK,0.0,TGO,2019
2379,COD,Growing fruits and nuts industry,TJK,7.151094233479514e-09,TGO,2019
2380,COD,"Growing beverage crops (coffee, tea etc) industry",TJK,3.2196060932531856e-08,TGO,2019
2381,COD,"Growing spices, aromatic, drug and pharmaceutical crops industry",TJK,9.491906307002112e-09,TGO,2019
2382,COD,Seeds and plant propagation industry,TJK,0.0,TGO,2019
2383,COD,Raising of cattle industry,TJK,3.876038795360336e-06,TGO,2019
2384,COD,Growing wheat industry,TKM,7.088749124556685e-08,TGO,2019
2385,COD,Growing maize industry,TKM,0.0,TGO,2019
2386,COD,Growing cereals n.e.c industry,TKM,0.0,TGO,2019
2387,COD,Growing leguminous crops and oil seeds industry,TKM,1.590947047721285e-07,TGO,2019
2388,COD,Growing rice industry,TKM,2.993222874610504e-08,TGO,2019
2389,COD,"Growing vegetables, roots, tubers industry",TKM,1.517272207420421e-07,TGO,2019
2390,COD,Growing sugar beet and cane industry,TKM,2.4164552016131638e-08,TGO,2019
2391,COD,Growing tobacco industry,TKM,4.0275982977398787e-10,TGO,2019
2392,COD,Growing fibre crops industry,TKM,7.085659614453909e-08,TGO,2019
2393,COD,Growing crops n.e.c. industry,TKM,2.2384997249269245e-07,TGO,2019
2394,COD,Growing grapes industry,TKM,0.0,TGO,2019
2395,COD,Growing fruits and nuts industry,TKM,1.4961377896174065e-08,TGO,2019
2396,COD,"Growing beverage crops (coffee, tea etc) industry",TKM,6.252047711600511e-08,TGO,2019
2397,COD,"Growing spices, aromatic, drug and pharmaceutical crops industry",TKM,2.10517475190135e-08,TGO,2019
2398,COD,Seeds and plant propagation industry,TKM,0.0,TGO,2019
2399,COD,Raising of cattle industry,TKM,7.4706071388625645e-06,TGO,2019
2400,COD,Growing wheat industry,TUN,1.385444882480688e-07,TGO,2019
2401,COD,Growing maize industry,TUN,0.0,TGO,2019
2402,COD,Growing cereals n.e.c industry,TUN,0.0,TGO,2019
2403,COD,Growing leguminous crops and oil seeds industry,TUN,3.40856790088653e-07,TGO,2019
2404,COD,Growing rice industry,TUN,4.728593165560393e-08,TGO,2019
2405,COD,"Growing vegetables, roots, tubers industry",TUN,3.852608321731718e-07,TGO,2019
2406,COD,Growing sugar beet and cane industry,TUN,5.001538827970212e-08,TGO,2019
2407,COD,Growing tobacco industry,TUN,9.8619606635395e-10,TGO,2019
2408,COD,Growing fibre crops industry,TUN,2.18087891402121e-07,TGO,2019
2409,COD,Growing crops n.e.c. industry,TUN,3.7980859947019176e-07,TGO,2019
2410,COD,Growing grapes industry,TUN,0.0,TGO,2019
2411,COD,Growing fruits and nuts industry,TUN,5.058806925181238e-08,TGO,2019
2412,COD,"Growing beverage crops (coffee, tea etc) industry",TUN,1.6560939652577208e-07,TGO,2019
2413,COD,"Growing spices, aromatic, drug and pharmaceutical crops industry",TUN,4.638534625064379e-08,TGO,2019
2414,COD,Seeds and plant propagation industry,TUN,0.0,TGO,2019
2415,COD,Raising of cattle industry,TUN,1.228866601592959e-05,TGO,2019
2416,COD,Growing wheat industry,TUR,2.767834473705389e-06,TGO,2019
2417,COD,Growing maize industry,TUR,0.0,TGO,2019
2418,COD,Growing cereals n.e.c industry,TUR,0.0,TGO,2019
2419,COD,Growing leguminous crops and oil seeds industry,TUR,6.329550865274515e-06,TGO,2019
2420,COD,Growing rice industry,TUR,8.660546024792841e-07,TGO,2019
2421,COD,"Growing vegetables, roots, tubers industry",TUR,8.398254914264024e-06,TGO,2019
2422,COD,Growing sugar beet and cane industry,TUR,8.893027328535105e-07,TGO,2019
2423,COD,Growing tobacco industry,TUR,1.895867958636755e-08,TGO,2019
2424,COD,Growing fibre crops industry,TUR,3.7428805132588966e-06,TGO,2019
2425,COD,Growing crops n.e.c. industry,TUR,6.5326893996534354e-06,TGO,2019
2426,COD,Growing grapes industry,TUR,0.0,TGO,2019
2427,COD,Growing fruits and nuts industry,TUR,9.605253542038084e-07,TGO,2019
2428,COD,"Growing beverage crops (coffee, tea etc) industry",TUR,3.296916139625338e-06,TGO,2019
2429,COD,"Growing spices, aromatic, drug and pharmaceutical crops industry",TUR,9.914532686217557e-07,TGO,2019
2430,COD,Seeds and plant propagation industry,TUR,0.0,TGO,2019
2431,COD,Raising of cattle industry,TUR,0.00026376131129313,TGO,2019
2432,COD,Growing wheat industry,TZA,9.46175068710773e-08,TGO,2019
2433,COD,Growing maize industry,TZA,0.0,TGO,2019
2434,COD,Growing cereals n.e.c industry,TZA,0.0,TGO,2019
2435,COD,Growing leguminous crops and oil seeds industry,TZA,2.708467637598917e-07,TGO,2019
2436,COD,Growing rice industry,TZA,3.454814707896827e-08,TGO,2019
2437,COD,"Growing vegetables, roots, tubers industry",TZA,2.090703141078732e-07,TGO,2019
2438,COD,Growing sugar beet and cane industry,TZA,3.05000372244567e-08,TGO,2019
2439,COD,Growing tobacco industry,TZA,9.171656332191053e-10,TGO,2019
2440,COD,Growing fibre crops industry,TZA,7.582524459804955e-08,TGO,2019
2441,COD,Growing crops n.e.c. industry,TZA,2.5555216371165193e-07,TGO,2019
2442,COD,Growing grapes industry,TZA,0.0,TGO,2019
2443,COD,Growing fruits and nuts industry,TZA,1.8844803599342942e-08,TGO,2019
2444,COD,"Growing beverage crops (coffee, tea etc) industry",TZA,1.0464665766868975e-07,TGO,2019
2445,COD,"Growing spices, aromatic, drug and pharmaceutical crops industry",TZA,4.619918559913381e-08,TGO,2019
2446,COD,Seeds and plant propagation industry,TZA,0.0,TGO,2019
2447,COD,Raising of cattle industry,TZA,9.620982750336773e-06,TGO,2019
2448,COD,Growing wheat industry,UGA,2.2489495601968883e-07,TGO,2019
2449,COD,Growing maize industry,UGA,0.0,TGO,2019
2450,COD,Growing cereals n.e.c industry,UGA,0.0,TGO,2019
2451,COD,Growing leguminous crops and oil seeds industry,UGA,6.10936269883391e-07,TGO,2019
2452,COD,Growing rice industry,UGA,5.791656222145701e-08,TGO,2019
2453,COD,"Growing vegetables, roots, tubers industry",UGA,7.689948397646469e-07,TGO,2019
2454,COD,Growing sugar beet and cane industry,UGA,7.595065926770814e-07,TGO,2019
2455,COD,Growing tobacco industry,UGA,1.5013166258910796e-09,TGO,2019
2456,COD,Growing fibre crops industry,UGA,3.877485907452932e-07,TGO,2019
2457,COD,Growing crops n.e.c. industry,UGA,4.2139939310430435e-07,TGO,2019
2458,COD,Growing grapes industry,UGA,0.0,TGO,2019
2459,COD,Growing fruits and nuts industry,UGA,7.866127392553009e-08,TGO,2019
2460,COD,"Growing beverage crops (coffee, tea etc) industry",UGA,3.0349197414510933e-07,TGO,2019
2461,COD,"Growing spices, aromatic, drug and pharmaceutical crops industry",UGA,6.94202855388033e-08,TGO,2019
2462,COD,Seeds and plant propagation industry,UGA,0.0,TGO,2019
2463,COD,Raising of cattle industry,UGA,1.8187018689675005e-05,TGO,2019
2464,COD,Growing wheat industry,UKR,1.1306764654234497e-05,TGO,2019
2465,COD,Growing maize industry,UKR,0.0,TGO,2019
2466,COD,Growing cereals n.e.c industry,UKR,0.0,TGO,2019
2467,COD,Growing leguminous crops and oil seeds industry,UKR,2.5232178983823275e-05,TGO,2019
2468,COD,Growing rice industry,UKR,4.9416403772529025e-06,TGO,2019
2469,COD,"Growing vegetables, roots, tubers industry",UKR,2.5481069252122404e-05,TGO,2019
2470,COD,Growing sugar beet and cane industry,UKR,3.962702940084715e-06,TGO,2019
2471,COD,Growing tobacco industry,UKR,6.233190554003351e-08,TGO,2019
2472,COD,Growing fibre crops industry,UKR,1.238209091639228e-05,TGO,2019
2473,COD,Growing crops n.e.c. industry,UKR,3.7272815930520236e-05,TGO,2019
2474,COD,Growing grapes industry,UKR,0.0,TGO,2019
2475,COD,Growing fruits and nuts industry,UKR,2.5080587605204578e-06,TGO,2019
2476,COD,"Growing beverage crops (coffee, tea etc) industry",UKR,1.026782505379957e-05,TGO,2019
2477,COD,"Growing spices, aromatic, drug and pharmaceutical crops industry",UKR,3.4574853205201837e-06,TGO,2019
2478,COD,Seeds and plant propagation industry,UKR,0.0,TGO,2019
2479,COD,Raising of cattle industry,UKR,0.0012032710325524014,TGO,2019
2480,COD,Growing wheat industry,URY,8.308316044135756e-08,TGO,2019
2481,COD,Growing maize industry,URY,0.0,TGO,2019
2482,COD,Growing cereals n.e.c industry,URY,0.0,TGO,2019
2483,COD,Growing leguminous crops and oil seeds industry,URY,2.9789732506710483e-07,TGO,2019
2484,COD,Growing rice industry,URY,2.8038610716127633e-08,TGO,2019
2485,COD,"Growing vegetables, roots, tubers industry",URY,2.915529302177544e-07,TGO,2019
2486,COD,Growing sugar beet and cane industry,URY,2.714454250000783e-08,TGO,2019
2487,COD,Growing tobacco industry,URY,1.1772669004964708e-09,TGO,2019
2488,COD,Growing fibre crops industry,URY,2.5308385590712834e-07,TGO,2019
2489,COD,Growing crops n.e.c. industry,URY,2.083213368449581e-07,TGO,2019
2490,COD,Growing grapes industry,URY,0.0,TGO,2019
2491,COD,Growing fruits and nuts industry,URY,2.991432171645564e-08,TGO,2019
2492,COD,"Growing beverage crops (coffee, tea etc) industry",URY,1.3757523763833438e-07,TGO,2019
2493,COD,"Growing spices, aromatic, drug and pharmaceutical crops industry",URY,5.38878201648275e-08,TGO,2019
2494,COD,Seeds and plant propagation industry,URY,0.0,TGO,2019
2495,COD,Raising of cattle industry,URY,8.102204574199589e-06,TGO,2019
2496,COD,Growing wheat industry,USA,9.918490330329876e-06,TGO,2019
2497,COD,Growing maize industry,USA,0.0,TGO,2019
2498,COD,Growing cereals n.e.c industry,USA,0.0,TGO,2019
2499,COD,Growing leguminous crops and oil seeds industry,USA,3.090867382282702e-05,TGO,2019
2500,COD,Growing rice industry,USA,3.6192443525846856e-06,TGO,2019
2501,COD,"Growing vegetables, roots, tubers industry",USA,2.401618885441478e-05,TGO,2019
2502,COD,Growing sugar beet and cane industry,USA,3.2351958896634506e-06,TGO,2019
2503,COD,Growing tobacco industry,USA,1.1104798383414393e-07,TGO,2019
2504,COD,Growing fibre crops industry,USA,8.60733925570447e-06,TGO,2019
2505,COD,Growing crops n.e.c. industry,USA,2.6574546283929554e-05,TGO,2019
2506,COD,Growing grapes industry,USA,0.0,TGO,2019
2507,COD,Growing fruits and nuts industry,USA,2.2872065544959375e-06,TGO,2019
2508,COD,"Growing beverage crops (coffee, tea etc) industry",USA,1.205452631383572e-05,TGO,2019
2509,COD,"Growing spices, aromatic, drug and pharmaceutical crops industry",USA,4.7426119241411155e-06,TGO,2019
2510,COD,Seeds and plant propagation industry,USA,0.0,TGO,2019
2511,COD,Raising of cattle industry,USA,0.0009895602003980768,TGO,2019
2512,COD,Growing wheat industry,UZB,7.429272366064646e-08,TGO,2019
2513,COD,Growing maize industry,UZB,0.0,TGO,2019
2514,COD,Growing cereals n.e.c industry,UZB,0.0,TGO,2019
2515,COD,Growing leguminous crops and oil seeds industry,UZB,1.7120022147639246e-07,TGO,2019
2516,COD,Growing rice industry,UZB,3.0127633340231935e-08,TGO,2019
2517,COD,"Growing vegetables, roots, tubers industry",UZB,1.6136502791301052e-07,TGO,2019
2518,COD,Growing sugar beet and cane industry,UZB,2.5013423015736482e-08,TGO,2019
2519,COD,Growing tobacco industry,UZB,4.548736748006241e-10,TGO,2019
2520,COD,Growing fibre crops industry,UZB,7.884123348345959e-08,TGO,2019
2521,COD,Growing crops n.e.c. industry,UZB,2.2440243896237237e-07,TGO,2019
2522,COD,Growing grapes industry,UZB,0.0,TGO,2019
2523,COD,Growing fruits and nuts industry,UZB,1.774496071983923e-08,TGO,2019
2524,COD,"Growing beverage crops (coffee, tea etc) industry",UZB,6.760667017298297e-08,TGO,2019
2525,COD,"Growing spices, aromatic, drug and pharmaceutical crops industry",UZB,2.2997883486983786e-08,TGO,2019
2526,COD,Seeds and plant propagation industry,UZB,0.0,TGO,2019
2527,COD,Raising of cattle industry,UZB,7.688667863188191e-06,TGO,2019
2528,COD,Growing wheat industry,VEN,2.4202183480199465e-07,TGO,2019
2529,COD,Growing maize industry,VEN,0.0,TGO,2019
2530,COD,Growing cereals n.e.c industry,VEN,0.0,TGO,2019
2531,COD,Growing leguminous crops and oil seeds industry,VEN,5.677598614946732e-07,TGO,2019
2532,COD,Growing rice industry,VEN,8.771538755505872e-08,TGO,2019
2533,COD,"Growing vegetables, roots, tubers industry",VEN,6.067253527414665e-07,TGO,2019
2534,COD,Growing sugar beet and cane industry,VEN,8.022599655769732e-08,TGO,2019
2535,COD,Growing tobacco industry,VEN,1.5780597831002962e-09,TGO,2019
2536,COD,Growing fibre crops industry,VEN,3.05827120745216e-07,TGO,2019
2537,COD,Growing crops n.e.c. industry,VEN,6.492756868004157e-07,TGO,2019
2538,COD,Growing grapes industry,VEN,0.0,TGO,2019
2539,COD,Growing fruits and nuts industry,VEN,6.95132761932745e-08,TGO,2019
2540,COD,"Growing beverage crops (coffee, tea etc) industry",VEN,2.527421727006005e-07,TGO,2019
2541,COD,"Growing spices, aromatic, drug and pharmaceutical crops industry",VEN,6.570620326728978e-08,TGO,2019
2542,COD,Seeds and plant propagation industry,VEN,0.0,TGO,2019
2543,COD,Raising of cattle industry,VEN,2.4157553218314226e-05,TGO,2019
2544,COD,Growing wheat industry,VNM,8.562694663536467e-07,TGO,2019
2545,COD,Growing maize industry,VNM,0.0,TGO,2019
2546,COD,Growing cereals n.e.c industry,VNM,0.0,TGO,2019
2547,COD,Growing leguminous crops and oil seeds industry,VNM,2.0432261785731403e-06,TGO,2019
2548,COD,Growing rice industry,VNM,1.7244331362031344e-07,TGO,2019
2549,COD,"Growing vegetables, roots, tubers industry",VNM,3.0780485953291682e-06,TGO,2019
2550,COD,Growing sugar beet and cane industry,VNM,2.872770700727156e-07,TGO,2019
2551,COD,Growing tobacco industry,VNM,7.0937279399692e-09,TGO,2019
2552,COD,Growing fibre crops industry,VNM,1.1737365125707551e-06,TGO,2019
2553,COD,Growing crops n.e.c. industry,VNM,1.2831320863668826e-06,TGO,2019
2554,COD,Growing grapes industry,VNM,0.0,TGO,2019
2555,COD,Growing fruits and nuts industry,VNM,3.657334880543911e-07,TGO,2019
2556,COD,"Growing beverage crops (coffee, tea etc) industry",VNM,1.2514542182406797e-06,TGO,2019
2557,COD,"Growing spices, aromatic, drug and pharmaceutical crops industry",VNM,3.860178829590642e-07,TGO,2019
2558,COD,Seeds and plant propagation industry,VNM,0.0,TGO,2019
2559,COD,Raising of cattle industry,VNM,4.209540840435854e-05,TGO,2019
2560,COD,Growing wheat industry,YEM,7.544314195681732e-08,TGO,2019
2561,COD,Growing maize industry,YEM,0.0,TGO,2019
2562,COD,Growing cereals n.e.c industry,YEM,0.0,TGO,2019
2563,COD,Growing leguminous crops and oil seeds industry,YEM,1.9653713353159056e-07,TGO,2019
2564,COD,Growing rice industry,YEM,2.8403214960318897e-08,TGO,2019
2565,COD,"Growing vegetables, roots, tubers industry",YEM,1.583946539079895e-07,TGO,2019
2566,COD,Growing sugar beet and cane industry,YEM,4.176519241009053e-08,TGO,2019
2567,COD,Growing tobacco industry,YEM,5.887699894538509e-10,TGO,2019
2568,COD,Growing fibre crops industry,YEM,5.727375813620993e-08,TGO,2019
2569,COD,Growing crops n.e.c. industry,YEM,2.103490850586423e-07,TGO,2019
2570,COD,Growing grapes industry,YEM,0.0,TGO,2019
2571,COD,Growing fruits and nuts industry,YEM,1.628795459620543e-08,TGO,2019
2572,COD,"Growing beverage crops (coffee, tea etc) industry",YEM,7.384987112413952e-08,TGO,2019
2573,COD,"Growing spices, aromatic, drug and pharmaceutical crops industry",YEM,2.7825782709971933e-08,TGO,2019
2574,COD,Seeds and plant propagation industry,YEM,0.0,TGO,2019
2575,COD,Raising of cattle industry,YEM,7.606193453958522e-06,TGO,2019
2576,COD,Growing wheat industry,ZAF,3.814240451855216e-06,TGO,2019
2577,COD,Growing maize industry,ZAF,0.0,TGO,2019
2578,COD,Growing cereals n.e.c industry,ZAF,0.0,TGO,2019
2579,COD,Growing leguminous crops and oil seeds industry,ZAF,8.708707375477758e-06,TGO,2019
2580,COD,Growing rice industry,ZAF,1.204714121753222e-06,TGO,2019
2581,COD,"Growing vegetables, roots, tubers industry",ZAF,9.285346147024708e-06,TGO,2019
2582,COD,Growing sugar beet and cane industry,ZAF,1.0842070975782941e-06,TGO,2019
2583,COD,Growing tobacco industry,ZAF,2.6735048606315537e-08,TGO,2019
2584,COD,Growing fibre crops industry,ZAF,3.4215795488467233e-06,TGO,2019
2585,COD,Growing crops n.e.c. industry,ZAF,8.656919331703212e-06,TGO,2019
2586,COD,Growing grapes industry,ZAF,0.0,TGO,2019
2587,COD,Growing fruits and nuts industry,ZAF,9.011086388215579e-07,TGO,2019
2588,COD,"Growing beverage crops (coffee, tea etc) industry",ZAF,3.842141206522421e-06,TGO,2019
2589,COD,"Growing spices, aromatic, drug and pharmaceutical crops industry",ZAF,1.3015086016302242e-06,TGO,2019
2590,COD,Seeds and plant propagation industry,ZAF,0.0,TGO,2019
2591,COD,Raising of cattle industry,ZAF,0.00037241559466484397,TGO,2019
2592,COD,Growing wheat industry,ZMB,1.7188865612644607e-07,TGO,2019
2593,COD,Growing maize industry,ZMB,0.0,TGO,2019
2594,COD,Growing cereals n.e.c industry,ZMB,0.0,TGO,2019
2595,COD,Growing leguminous crops and oil seeds industry,ZMB,4.723123612394523e-07,TGO,2019
2596,COD,Growing rice industry,ZMB,4.3811563158282114e-08,TGO,2019
2597,COD,"Growing vegetables, roots, tubers industry",ZMB,5.323305479464233e-07,TGO,2019
2598,COD,Growing sugar beet and cane industry,ZMB,6.042048304619084e-07,TGO,2019
2599,COD,Growing tobacco industry,ZMB,1.167792787338751e-09,TGO,2019
2600,COD,Growing fibre crops industry,ZMB,1.822551440555489e-07,TGO,2019
2601,COD,Growing crops n.e.c. industry,ZMB,3.130591492947809e-07,TGO,2019
2602,COD,Growing grapes industry,ZMB,0.0,TGO,2019
2603,COD,Growing fruits and nuts industry,ZMB,5.077349735403474e-08,TGO,2019
2604,COD,"Growing beverage crops (coffee, tea etc) industry",ZMB,2.189846816387119e-07,TGO,2019
2605,COD,"Growing spices, aromatic, drug and pharmaceutical crops industry",ZMB,4.872026655446374e-08,TGO,2019
2606,COD,Seeds and plant propagation industry,ZMB,0.0,TGO,2019
2607,COD,Raising of cattle industry,ZMB,1.3566043614227307e-05,TGO,2019
2608,COD,Growing wheat industry,ZWE,1.4010086535538316e-07,TGO,2019
2609,COD,Growing maize industry,ZWE,0.0,TGO,2019
2610,COD,Growing cereals n.e.c industry,ZWE,0.0,TGO,2019
2611,COD,Growing leguminous crops and oil seeds industry,ZWE,3.2183812575460567e-07,TGO,2019
2612,COD,Growing rice industry,ZWE,3.9678220076159337e-08,TGO,2019
2613,COD,"Growing vegetables, roots, tubers industry",ZWE,3.881192459214509e-07,TGO,2019
2614,COD,Growing sugar beet and cane industry,ZWE,3.8346462278572235e-08,TGO,2019
2615,COD,Growing tobacco industry,ZWE,1.0364987756621032e-09,TGO,2019
2616,COD,Growing fibre crops industry,ZWE,1.5036675867311504e-07,TGO,2019
2617,COD,Growing crops n.e.c. industry,ZWE,2.873569412181595e-07,TGO,2019
2618,COD,Growing grapes industry,ZWE,0.0,TGO,2019
2619,COD,Growing fruits and nuts industry,ZWE,4.0979935031793285e-08,TGO,2019
2620,COD,"Growing beverage crops (coffee, tea etc) industry",ZWE,1.5921727556211106e-07,TGO,2019
2621,COD,"Growing spices, aromatic, drug and pharmaceutical crops industry",ZWE,5.269272047679242e-08,TGO,2019
2622,COD,Seeds and plant propagation industry,ZWE,0.0,TGO,2019
2623,COD,Raising of cattle industry,ZWE,1.3062492047201887e-05,TGO,2019
