,Origin_country,Origin_Sector,Destination_country,value,Transition_country,Year
0,BRA,Growing wheat industry,XAM,4.296721541403571e-05,UZB,2013
1,BRA,Growing maize industry,XAM,0.0005162731235884388,UZB,2013
2,BRA,Growing cereals n.e.c industry,XAM,2.167359368794501e-06,UZB,2013
3,BRA,Growing leguminous crops and oil seeds industry,XAM,0.0011174760532296846,UZB,2013
4,BRA,Growing rice industry,XAM,0.0,UZB,2013
5,BRA,"Growing vegetables, roots, tubers industry",XAM,2.7056447806152143e-07,UZB,2013
6,BRA,Growing sugar beet and cane industry,XAM,1.0521273793316394e-05,UZB,2013
7,BRA,Growing tobacco industry,XAM,1.966090577921495e-07,UZB,2013
8,BRA,Growing fibre crops industry,XAM,1.9409211501262616e-05,UZB,2013
9,BRA,Growing crops n.e.c. industry,XAM,6.139127094738831e-07,UZB,2013
10,BRA,Growing grapes industry,XAM,2.5651083606299825e-10,UZB,2013
11,BRA,Growing fruits and nuts industry,XAM,0.0,UZB,2013
12,BRA,"Growing beverage crops (coffee, tea etc) industry",XAM,0.0,UZB,2013
13,BRA,"Growing spices, aromatic, drug and pharmaceutical crops industry",XAM,5.49485762228198e-09,UZB,2013
14,BRA,Seeds and plant propagation industry,XAM,0.0,UZB,2013
15,BRA,Raising of cattle industry,XAM,1.428293543537092e-05,UZB,2013
16,BRA,Growing wheat industry,XEU,1.0293040835092536e-05,UZB,2013
17,BRA,Growing maize industry,XEU,4.725853336240166e-05,UZB,2013
18,BRA,Growing cereals n.e.c industry,XEU,4.524746216550314e-07,UZB,2013
19,BRA,Growing leguminous crops and oil seeds industry,XEU,0.00035998544956323056,UZB,2013
20,BRA,Growing rice industry,XEU,0.0,UZB,2013
21,BRA,"Growing vegetables, roots, tubers industry",XEU,5.402888815445028e-08,UZB,2013
22,BRA,Growing sugar beet and cane industry,XEU,1.9104209780565196e-06,UZB,2013
23,BRA,Growing tobacco industry,XEU,3.814089510154512e-08,UZB,2013
24,BRA,Growing fibre crops industry,XEU,3.668289613099452e-06,UZB,2013
25,BRA,Growing crops n.e.c. industry,XEU,1.7276227879199595e-07,UZB,2013
26,BRA,Growing grapes industry,XEU,5.3476943343238826e-11,UZB,2013
27,BRA,Growing fruits and nuts industry,XEU,0.0,UZB,2013
28,BRA,"Growing beverage crops (coffee, tea etc) industry",XEU,0.0,UZB,2013
29,BRA,"Growing spices, aromatic, drug and pharmaceutical crops industry",XEU,1.0177049445381513e-09,UZB,2013
30,BRA,Seeds and plant propagation industry,XEU,0.0,UZB,2013
31,BRA,Raising of cattle industry,XEU,3.086472687524963e-06,UZB,2013
32,BRA,Growing wheat industry,XAF,2.26754709587823e-05,UZB,2013
33,BRA,Growing maize industry,XAF,0.00013417086616954567,UZB,2013
34,BRA,Growing cereals n.e.c industry,XAF,9.156051951223512e-07,UZB,2013
35,BRA,Growing leguminous crops and oil seeds industry,XAF,0.0007647267095190326,UZB,2013
36,BRA,Growing rice industry,XAF,0.0,UZB,2013
37,BRA,"Growing vegetables, roots, tubers industry",XAF,9.974482666171548e-08,UZB,2013
38,BRA,Growing sugar beet and cane industry,XAF,3.958579026337737e-06,UZB,2013
39,BRA,Growing tobacco industry,XAF,6.379423382957218e-08,UZB,2013
40,BRA,Growing fibre crops industry,XAF,9.289016242206074e-06,UZB,2013
41,BRA,Growing crops n.e.c. industry,XAF,3.4855792474236173e-07,UZB,2013
42,BRA,Growing grapes industry,XAF,9.65581935943529e-11,UZB,2013
43,BRA,Growing fruits and nuts industry,XAF,0.0,UZB,2013
44,BRA,"Growing beverage crops (coffee, tea etc) industry",XAF,0.0,UZB,2013
45,BRA,"Growing spices, aromatic, drug and pharmaceutical crops industry",XAF,2.174995996499869e-09,UZB,2013
46,BRA,Seeds and plant propagation industry,XAF,0.0,UZB,2013
47,BRA,Raising of cattle industry,XAF,6.799656946418267e-06,UZB,2013
48,BRA,Growing wheat industry,XAS,3.1475793201288756e-05,UZB,2013
49,BRA,Growing maize industry,XAS,0.00011144897892862522,UZB,2013
50,BRA,Growing cereals n.e.c industry,XAS,1.300715021124669e-06,UZB,2013
51,BRA,Growing leguminous crops and oil seeds industry,XAS,0.0007619067449699207,UZB,2013
52,BRA,Growing rice industry,XAS,0.0,UZB,2013
53,BRA,"Growing vegetables, roots, tubers industry",XAS,1.5941292046230937e-07,UZB,2013
54,BRA,Growing sugar beet and cane industry,XAS,5.3573416993842685e-06,UZB,2013
55,BRA,Growing tobacco industry,XAS,1.0040471810626386e-07,UZB,2013
56,BRA,Growing fibre crops industry,XAS,1.271145514650067e-05,UZB,2013
57,BRA,Growing crops n.e.c. industry,XAS,5.282103854604446e-07,UZB,2013
58,BRA,Growing grapes industry,XAS,1.413897235782452e-10,UZB,2013
59,BRA,Growing fruits and nuts industry,XAS,0.0,UZB,2013
60,BRA,"Growing beverage crops (coffee, tea etc) industry",XAS,0.0,UZB,2013
61,BRA,"Growing spices, aromatic, drug and pharmaceutical crops industry",XAS,3.02711293417226e-09,UZB,2013
62,BRA,Seeds and plant propagation industry,XAS,0.0,UZB,2013
63,BRA,Raising of cattle industry,XAS,9.088778781552823e-06,UZB,2013
64,BRA,Growing wheat industry,AFG,0.0031837519099739797,UZB,2013
65,BRA,Growing maize industry,AFG,0.017685292485231725,UZB,2013
66,BRA,Growing cereals n.e.c industry,AFG,0.0001392865002151439,UZB,2013
67,BRA,Growing leguminous crops and oil seeds industry,AFG,0.1766767897954017,UZB,2013
68,BRA,Growing rice industry,AFG,0.0,UZB,2013
69,BRA,"Growing vegetables, roots, tubers industry",AFG,1.9802860747448934e-05,UZB,2013
70,BRA,Growing sugar beet and cane industry,AFG,0.000739365248866102,UZB,2013
71,BRA,Growing tobacco industry,AFG,1.4385749241532369e-05,UZB,2013
72,BRA,Growing fibre crops industry,AFG,0.0008628396956411209,UZB,2013
73,BRA,Growing crops n.e.c. industry,AFG,5.157133037560869e-05,UZB,2013
74,BRA,Growing grapes industry,AFG,2.210723290457093e-08,UZB,2013
75,BRA,Growing fruits and nuts industry,AFG,0.0,UZB,2013
76,BRA,"Growing beverage crops (coffee, tea etc) industry",AFG,0.0,UZB,2013
77,BRA,"Growing spices, aromatic, drug and pharmaceutical crops industry",AFG,2.4847916333015184e-07,UZB,2013
78,BRA,Seeds and plant propagation industry,AFG,0.0,UZB,2013
79,BRA,Raising of cattle industry,AFG,0.001051637345476278,UZB,2013
80,BRA,Growing wheat industry,AGO,0.00011221108577393032,UZB,2013
81,BRA,Growing maize industry,AGO,0.000640437196262896,UZB,2013
82,BRA,Growing cereals n.e.c industry,AGO,4.67170516164667e-06,UZB,2013
83,BRA,Growing leguminous crops and oil seeds industry,AGO,0.0044783444585487645,UZB,2013
84,BRA,Growing rice industry,AGO,0.0,UZB,2013
85,BRA,"Growing vegetables, roots, tubers industry",AGO,5.458686343581469e-07,UZB,2013
86,BRA,Growing sugar beet and cane industry,AGO,2.0082978321696788e-05,UZB,2013
87,BRA,Growing tobacco industry,AGO,3.4619622912594395e-07,UZB,2013
88,BRA,Growing fibre crops industry,AGO,4.593795610828354e-05,UZB,2013
89,BRA,Growing crops n.e.c. industry,AGO,1.7406132328649253e-06,UZB,2013
90,BRA,Growing grapes industry,AGO,6.406575470713139e-10,UZB,2013
91,BRA,Growing fruits and nuts industry,AGO,0.0,UZB,2013
92,BRA,"Growing beverage crops (coffee, tea etc) industry",AGO,0.0,UZB,2013
93,BRA,"Growing spices, aromatic, drug and pharmaceutical crops industry",AGO,1.194536938748139e-08,UZB,2013
94,BRA,Seeds and plant propagation industry,AGO,0.0,UZB,2013
95,BRA,Raising of cattle industry,AGO,3.405043235768415e-05,UZB,2013
96,BRA,Growing wheat industry,ALB,2.660308528200241e-05,UZB,2013
97,BRA,Growing maize industry,ALB,0.00013795444387486552,UZB,2013
98,BRA,Growing cereals n.e.c industry,ALB,1.581007676539894e-06,UZB,2013
99,BRA,Growing leguminous crops and oil seeds industry,ALB,0.0009109629389133703,UZB,2013
100,BRA,Growing rice industry,ALB,0.0,UZB,2013
101,BRA,"Growing vegetables, roots, tubers industry",ALB,2.1936613162239995e-07,UZB,2013
102,BRA,Growing sugar beet and cane industry,ALB,6.814314177189427e-06,UZB,2013
103,BRA,Growing tobacco industry,ALB,1.731658109810413e-07,UZB,2013
104,BRA,Growing fibre crops industry,ALB,1.0571546241410901e-05,UZB,2013
105,BRA,Growing crops n.e.c. industry,ALB,5.628209205517722e-07,UZB,2013
106,BRA,Growing grapes industry,ALB,2.3636633211972887e-10,UZB,2013
107,BRA,Growing fruits and nuts industry,ALB,0.0,UZB,2013
108,BRA,"Growing beverage crops (coffee, tea etc) industry",ALB,0.0,UZB,2013
109,BRA,"Growing spices, aromatic, drug and pharmaceutical crops industry",ALB,3.5642513973896107e-09,UZB,2013
110,BRA,Seeds and plant propagation industry,ALB,0.0,UZB,2013
111,BRA,Raising of cattle industry,ALB,9.107962454429128e-06,UZB,2013
112,BRA,Growing wheat industry,ARE,0.0010717169577581522,UZB,2013
113,BRA,Growing maize industry,ARE,0.008227785830660335,UZB,2013
114,BRA,Growing cereals n.e.c industry,ARE,4.442833136927225e-05,UZB,2013
115,BRA,Growing leguminous crops and oil seeds industry,ARE,0.04906072767783828,UZB,2013
116,BRA,Growing rice industry,ARE,0.0,UZB,2013
117,BRA,"Growing vegetables, roots, tubers industry",ARE,7.146527017491251e-06,UZB,2013
118,BRA,Growing sugar beet and cane industry,ARE,0.0002042287186573361,UZB,2013
119,BRA,Growing tobacco industry,ARE,3.857090537423013e-06,UZB,2013
120,BRA,Growing fibre crops industry,ARE,0.0003662865437052983,UZB,2013
121,BRA,Growing crops n.e.c. industry,ARE,1.3532741283918944e-05,UZB,2013
122,BRA,Growing grapes industry,ARE,8.230049404985261e-09,UZB,2013
123,BRA,Growing fruits and nuts industry,ARE,0.0,UZB,2013
124,BRA,"Growing beverage crops (coffee, tea etc) industry",ARE,0.0,UZB,2013
125,BRA,"Growing spices, aromatic, drug and pharmaceutical crops industry",ARE,1.2017625728652698e-07,UZB,2013
126,BRA,Seeds and plant propagation industry,ARE,0.0,UZB,2013
127,BRA,Raising of cattle industry,ARE,0.0003171460320529651,UZB,2013
128,BRA,Growing wheat industry,ARG,0.00016080924459682593,UZB,2013
129,BRA,Growing maize industry,ARG,0.0005838009666321887,UZB,2013
130,BRA,Growing cereals n.e.c industry,ARG,6.3821868381289315e-06,UZB,2013
131,BRA,Growing leguminous crops and oil seeds industry,ARG,0.007807972834397737,UZB,2013
132,BRA,Growing rice industry,ARG,0.0,UZB,2013
133,BRA,"Growing vegetables, roots, tubers industry",ARG,7.263520804128672e-07,UZB,2013
134,BRA,Growing sugar beet and cane industry,ARG,2.580295766410124e-05,UZB,2013
135,BRA,Growing tobacco industry,ARG,4.451418772580886e-07,UZB,2013
136,BRA,Growing fibre crops industry,ARG,7.833629463627746e-05,UZB,2013
137,BRA,Growing crops n.e.c. industry,ARG,2.333116002658676e-06,UZB,2013
138,BRA,Growing grapes industry,ARG,7.160991052265812e-10,UZB,2013
139,BRA,Growing fruits and nuts industry,ARG,0.0,UZB,2013
140,BRA,"Growing beverage crops (coffee, tea etc) industry",ARG,0.0,UZB,2013
141,BRA,"Growing spices, aromatic, drug and pharmaceutical crops industry",ARG,1.747225090795301e-08,UZB,2013
142,BRA,Seeds and plant propagation industry,ARG,0.0,UZB,2013
143,BRA,Raising of cattle industry,ARG,5.254163252369329e-05,UZB,2013
144,BRA,Growing wheat industry,ARM,0.0004390179157457867,UZB,2013
145,BRA,Growing maize industry,ARM,0.002822572333189829,UZB,2013
146,BRA,Growing cereals n.e.c industry,ARM,1.1998072050734037e-05,UZB,2013
147,BRA,Growing leguminous crops and oil seeds industry,ARM,0.010837937163985187,UZB,2013
148,BRA,Growing rice industry,ARM,0.0,UZB,2013
149,BRA,"Growing vegetables, roots, tubers industry",ARM,1.0405639709852035e-06,UZB,2013
150,BRA,Growing sugar beet and cane industry,ARM,7.407652272388378e-05,UZB,2013
151,BRA,Growing tobacco industry,ARM,0.00010100905576061403,UZB,2013
152,BRA,Growing fibre crops industry,ARM,8.925290346975296e-05,UZB,2013
153,BRA,Growing crops n.e.c. industry,ARM,6.785312227729444e-06,UZB,2013
154,BRA,Growing grapes industry,ARM,1.1075987917202182e-09,UZB,2013
155,BRA,Growing fruits and nuts industry,ARM,0.0,UZB,2013
156,BRA,"Growing beverage crops (coffee, tea etc) industry",ARM,0.0,UZB,2013
157,BRA,"Growing spices, aromatic, drug and pharmaceutical crops industry",ARM,2.328103040214882e-08,UZB,2013
158,BRA,Seeds and plant propagation industry,ARM,0.0,UZB,2013
159,BRA,Raising of cattle industry,ARM,0.00010652642563875119,UZB,2013
160,BRA,Growing wheat industry,AUS,0.0008538547785181216,UZB,2013
161,BRA,Growing maize industry,AUS,0.002954430376054435,UZB,2013
162,BRA,Growing cereals n.e.c industry,AUS,3.4842097704626795e-05,UZB,2013
163,BRA,Growing leguminous crops and oil seeds industry,AUS,0.022946858042156536,UZB,2013
164,BRA,Growing rice industry,AUS,0.0,UZB,2013
165,BRA,"Growing vegetables, roots, tubers industry",AUS,3.7691032793156847e-06,UZB,2013
166,BRA,Growing sugar beet and cane industry,AUS,0.0001399611563301023,UZB,2013
167,BRA,Growing tobacco industry,AUS,2.5848990758126978e-06,UZB,2013
168,BRA,Growing fibre crops industry,AUS,0.00032360935177925816,UZB,2013
169,BRA,Growing crops n.e.c. industry,AUS,1.5202379090641576e-05,UZB,2013
170,BRA,Growing grapes industry,AUS,3.656247299595781e-09,UZB,2013
171,BRA,Growing fruits and nuts industry,AUS,0.0,UZB,2013
172,BRA,"Growing beverage crops (coffee, tea etc) industry",AUS,0.0,UZB,2013
173,BRA,"Growing spices, aromatic, drug and pharmaceutical crops industry",AUS,7.791322852472292e-08,UZB,2013
174,BRA,Seeds and plant propagation industry,AUS,0.0,UZB,2013
175,BRA,Raising of cattle industry,AUS,0.00024336565244672826,UZB,2013
176,BRA,Growing wheat industry,AUT,0.00048289732613257747,UZB,2013
177,BRA,Growing maize industry,AUT,0.0033891474929021413,UZB,2013
178,BRA,Growing cereals n.e.c industry,AUT,1.8855904407847023e-05,UZB,2013
179,BRA,Growing leguminous crops and oil seeds industry,AUT,0.016270545769811396,UZB,2013
180,BRA,Growing rice industry,AUT,0.0,UZB,2013
181,BRA,"Growing vegetables, roots, tubers industry",AUT,2.1526417404808887e-06,UZB,2013
182,BRA,Growing sugar beet and cane industry,AUT,8.854816693414323e-05,UZB,2013
183,BRA,Growing tobacco industry,AUT,1.349216309502996e-06,UZB,2013
184,BRA,Growing fibre crops industry,AUT,0.0001725251822200369,UZB,2013
185,BRA,Growing crops n.e.c. industry,AUT,6.726186787805892e-06,UZB,2013
186,BRA,Growing grapes industry,AUT,2.2242252062756117e-09,UZB,2013
187,BRA,Growing fruits and nuts industry,AUT,0.0,UZB,2013
188,BRA,"Growing beverage crops (coffee, tea etc) industry",AUT,0.0,UZB,2013
189,BRA,"Growing spices, aromatic, drug and pharmaceutical crops industry",AUT,4.8988263952899515e-08,UZB,2013
190,BRA,Seeds and plant propagation industry,AUT,0.0,UZB,2013
191,BRA,Raising of cattle industry,AUT,0.00014209463088672188,UZB,2013
192,BRA,Growing wheat industry,AZE,0.0008914267932378749,UZB,2013
193,BRA,Growing maize industry,AZE,0.003453528830672023,UZB,2013
194,BRA,Growing cereals n.e.c industry,AZE,5.0690621553282e-05,UZB,2013
195,BRA,Growing leguminous crops and oil seeds industry,AZE,0.03812921657301551,UZB,2013
196,BRA,Growing rice industry,AZE,0.0,UZB,2013
197,BRA,"Growing vegetables, roots, tubers industry",AZE,1.1205989705417606e-05,UZB,2013
198,BRA,Growing sugar beet and cane industry,AZE,0.00021176080302279368,UZB,2013
199,BRA,Growing tobacco industry,AZE,8.120975743934423e-06,UZB,2013
200,BRA,Growing fibre crops industry,AZE,0.0004350242785210663,UZB,2013
201,BRA,Growing crops n.e.c. industry,AZE,1.6292688373022415e-05,UZB,2013
202,BRA,Growing grapes industry,AZE,9.356223344102686e-09,UZB,2013
203,BRA,Growing fruits and nuts industry,AZE,0.0,UZB,2013
204,BRA,"Growing beverage crops (coffee, tea etc) industry",AZE,0.0,UZB,2013
205,BRA,"Growing spices, aromatic, drug and pharmaceutical crops industry",AZE,1.253716768728318e-07,UZB,2013
206,BRA,Seeds and plant propagation industry,AZE,0.0,UZB,2013
207,BRA,Raising of cattle industry,AZE,0.00034243865347698046,UZB,2013
208,BRA,Growing wheat industry,BDI,1.7006790966193283e-06,UZB,2013
209,BRA,Growing maize industry,BDI,5.0470892268289615e-06,UZB,2013
210,BRA,Growing cereals n.e.c industry,BDI,7.333400473263893e-08,UZB,2013
211,BRA,Growing leguminous crops and oil seeds industry,BDI,5.177812272956731e-05,UZB,2013
212,BRA,Growing rice industry,BDI,0.0,UZB,2013
213,BRA,"Growing vegetables, roots, tubers industry",BDI,7.135581498402254e-09,UZB,2013
214,BRA,Growing sugar beet and cane industry,BDI,2.898485031310927e-07,UZB,2013
215,BRA,Growing tobacco industry,BDI,4.627214568580903e-09,UZB,2013
216,BRA,Growing fibre crops industry,BDI,6.059125740768428e-07,UZB,2013
217,BRA,Growing crops n.e.c. industry,BDI,2.9486921631630086e-08,UZB,2013
218,BRA,Growing grapes industry,BDI,7.183818853108151e-12,UZB,2013
219,BRA,Growing fruits and nuts industry,BDI,0.0,UZB,2013
220,BRA,"Growing beverage crops (coffee, tea etc) industry",BDI,0.0,UZB,2013
221,BRA,"Growing spices, aromatic, drug and pharmaceutical crops industry",BDI,1.4979463443481732e-10,UZB,2013
222,BRA,Seeds and plant propagation industry,BDI,0.0,UZB,2013
223,BRA,Raising of cattle industry,BDI,5.177580881713661e-07,UZB,2013
224,BRA,Growing wheat industry,BEL,0.0003485654611756673,UZB,2013
225,BRA,Growing maize industry,BEL,0.001592831074294136,UZB,2013
226,BRA,Growing cereals n.e.c industry,BEL,1.5231427382563481e-05,UZB,2013
227,BRA,Growing leguminous crops and oil seeds industry,BEL,0.013345576140513977,UZB,2013
228,BRA,Growing rice industry,BEL,0.0,UZB,2013
229,BRA,"Growing vegetables, roots, tubers industry",BEL,1.9568493559199473e-06,UZB,2013
230,BRA,Growing sugar beet and cane industry,BEL,6.432205651010047e-05,UZB,2013
231,BRA,Growing tobacco industry,BEL,1.2294947170577764e-06,UZB,2013
232,BRA,Growing fibre crops industry,BEL,0.00015486373460501715,UZB,2013
233,BRA,Growing crops n.e.c. industry,BEL,5.1036439499588275e-06,UZB,2013
234,BRA,Growing grapes industry,BEL,1.8492124605910403e-09,UZB,2013
235,BRA,Growing fruits and nuts industry,BEL,0.0,UZB,2013
236,BRA,"Growing beverage crops (coffee, tea etc) industry",BEL,0.0,UZB,2013
237,BRA,"Growing spices, aromatic, drug and pharmaceutical crops industry",BEL,7.403386611923303e-08,UZB,2013
238,BRA,Seeds and plant propagation industry,BEL,0.0,UZB,2013
239,BRA,Raising of cattle industry,BEL,0.00010945887434868073,UZB,2013
240,BRA,Growing wheat industry,BEN,1.5034885427976249e-05,UZB,2013
241,BRA,Growing maize industry,BEN,5.5116841534392625e-05,UZB,2013
242,BRA,Growing cereals n.e.c industry,BEN,7.019725495283868e-07,UZB,2013
243,BRA,Growing leguminous crops and oil seeds industry,BEN,0.00040495736766208514,UZB,2013
244,BRA,Growing rice industry,BEN,0.0,UZB,2013
245,BRA,"Growing vegetables, roots, tubers industry",BEN,5.1235450767677123e-08,UZB,2013
246,BRA,Growing sugar beet and cane industry,BEN,2.7284037510296027e-06,UZB,2013
247,BRA,Growing tobacco industry,BEN,2.9771664111247043e-08,UZB,2013
248,BRA,Growing fibre crops industry,BEN,4.539404955673585e-06,UZB,2013
249,BRA,Growing crops n.e.c. industry,BEN,2.801893807236882e-07,UZB,2013
250,BRA,Growing grapes industry,BEN,6.228361657265776e-11,UZB,2013
251,BRA,Growing fruits and nuts industry,BEN,0.0,UZB,2013
252,BRA,"Growing beverage crops (coffee, tea etc) industry",BEN,0.0,UZB,2013
253,BRA,"Growing spices, aromatic, drug and pharmaceutical crops industry",BEN,1.0856378229223302e-09,UZB,2013
254,BRA,Seeds and plant propagation industry,BEN,0.0,UZB,2013
255,BRA,Raising of cattle industry,BEN,4.459074093909925e-06,UZB,2013
256,BRA,Growing wheat industry,BFA,8.553734912990275e-06,UZB,2013
257,BRA,Growing maize industry,BFA,3.282168114681661e-05,UZB,2013
258,BRA,Growing cereals n.e.c industry,BFA,3.4721539322594066e-07,UZB,2013
259,BRA,Growing leguminous crops and oil seeds industry,BFA,0.00019190483529369777,UZB,2013
260,BRA,Growing rice industry,BFA,0.0,UZB,2013
261,BRA,"Growing vegetables, roots, tubers industry",BFA,3.700551118512769e-08,UZB,2013
262,BRA,Growing sugar beet and cane industry,BFA,1.4482117218694167e-06,UZB,2013
263,BRA,Growing tobacco industry,BFA,2.6162147516508356e-08,UZB,2013
264,BRA,Growing fibre crops industry,BFA,2.6999336658983206e-06,UZB,2013
265,BRA,Growing crops n.e.c. industry,BFA,1.5748545623652887e-07,UZB,2013
266,BRA,Growing grapes industry,BFA,3.6562167272308825e-11,UZB,2013
267,BRA,Growing fruits and nuts industry,BFA,0.0,UZB,2013
268,BRA,"Growing beverage crops (coffee, tea etc) industry",BFA,0.0,UZB,2013
269,BRA,"Growing spices, aromatic, drug and pharmaceutical crops industry",BFA,7.126617565283879e-10,UZB,2013
270,BRA,Seeds and plant propagation industry,BFA,0.0,UZB,2013
271,BRA,Raising of cattle industry,BFA,2.3710012938328496e-06,UZB,2013
272,BRA,Growing wheat industry,BGD,0.00042987933517950257,UZB,2013
273,BRA,Growing maize industry,BGD,0.0008971434391982695,UZB,2013
274,BRA,Growing cereals n.e.c industry,BGD,1.662448539084194e-05,UZB,2013
275,BRA,Growing leguminous crops and oil seeds industry,BGD,0.025419912932326566,UZB,2013
276,BRA,Growing rice industry,BGD,0.0,UZB,2013
277,BRA,"Growing vegetables, roots, tubers industry",BGD,1.4673309646981171e-06,UZB,2013
278,BRA,Growing sugar beet and cane industry,BGD,6.488125723828752e-05,UZB,2013
279,BRA,Growing tobacco industry,BGD,9.81955004991806e-07,UZB,2013
280,BRA,Growing fibre crops industry,BGD,0.00019068514572347428,UZB,2013
281,BRA,Growing crops n.e.c. industry,BGD,6.090698617557919e-06,UZB,2013
282,BRA,Growing grapes industry,BGD,1.5108248664689384e-09,UZB,2013
283,BRA,Growing fruits and nuts industry,BGD,0.0,UZB,2013
284,BRA,"Growing beverage crops (coffee, tea etc) industry",BGD,0.0,UZB,2013
285,BRA,"Growing spices, aromatic, drug and pharmaceutical crops industry",BGD,3.858907516454964e-08,UZB,2013
286,BRA,Seeds and plant propagation industry,BGD,0.0,UZB,2013
287,BRA,Raising of cattle industry,BGD,0.00015868919011234646,UZB,2013
288,BRA,Growing wheat industry,BGR,0.0002317510599591302,UZB,2013
289,BRA,Growing maize industry,BGR,0.0007476334023856062,UZB,2013
290,BRA,Growing cereals n.e.c industry,BGR,7.386067881698896e-06,UZB,2013
291,BRA,Growing leguminous crops and oil seeds industry,BGR,0.004213485582850289,UZB,2013
292,BRA,Growing rice industry,BGR,0.0,UZB,2013
293,BRA,"Growing vegetables, roots, tubers industry",BGR,5.619859013416841e-07,UZB,2013
294,BRA,Growing sugar beet and cane industry,BGR,3.090753748291033e-05,UZB,2013
295,BRA,Growing tobacco industry,BGR,3.684192496681383e-07,UZB,2013
296,BRA,Growing fibre crops industry,BGR,4.360846796389701e-05,UZB,2013
297,BRA,Growing crops n.e.c. industry,BGR,4.184137042011048e-06,UZB,2013
298,BRA,Growing grapes industry,BGR,6.344470785764533e-10,UZB,2013
299,BRA,Growing fruits and nuts industry,BGR,0.0,UZB,2013
300,BRA,"Growing beverage crops (coffee, tea etc) industry",BGR,0.0,UZB,2013
301,BRA,"Growing spices, aromatic, drug and pharmaceutical crops industry",BGR,2.636207085404408e-08,UZB,2013
302,BRA,Seeds and plant propagation industry,BGR,0.0,UZB,2013
303,BRA,Raising of cattle industry,BGR,5.459594563123e-05,UZB,2013
304,BRA,Growing wheat industry,BHR,3.44697596507707e-05,UZB,2013
305,BRA,Growing maize industry,BHR,0.0001112882330610365,UZB,2013
306,BRA,Growing cereals n.e.c industry,BHR,1.3453835990750172e-06,UZB,2013
307,BRA,Growing leguminous crops and oil seeds industry,BHR,0.0007858806063746709,UZB,2013
308,BRA,Growing rice industry,BHR,0.0,UZB,2013
309,BRA,"Growing vegetables, roots, tubers industry",BHR,1.7009996895247448e-07,UZB,2013
310,BRA,Growing sugar beet and cane industry,BHR,5.574562000570086e-06,UZB,2013
311,BRA,Growing tobacco industry,BHR,1.1189354043730901e-07,UZB,2013
312,BRA,Growing fibre crops industry,BHR,1.1926325826806771e-05,UZB,2013
313,BRA,Growing crops n.e.c. industry,BHR,5.558603933800523e-07,UZB,2013
314,BRA,Growing grapes industry,BHR,1.509259092065295e-10,UZB,2013
315,BRA,Growing fruits and nuts industry,BHR,0.0,UZB,2013
316,BRA,"Growing beverage crops (coffee, tea etc) industry",BHR,0.0,UZB,2013
317,BRA,"Growing spices, aromatic, drug and pharmaceutical crops industry",BHR,3.304624127840138e-09,UZB,2013
318,BRA,Seeds and plant propagation industry,BHR,0.0,UZB,2013
319,BRA,Raising of cattle industry,BHR,9.553533698220674e-06,UZB,2013
320,BRA,Growing wheat industry,BHS,5.216024232334198e-06,UZB,2013
321,BRA,Growing maize industry,BHS,2.383782742255552e-05,UZB,2013
322,BRA,Growing cereals n.e.c industry,BHS,2.5510108391596704e-07,UZB,2013
323,BRA,Growing leguminous crops and oil seeds industry,BHS,0.0001317498681888572,UZB,2013
324,BRA,Growing rice industry,BHS,0.0,UZB,2013
325,BRA,"Growing vegetables, roots, tubers industry",BHS,3.800774670435865e-08,UZB,2013
326,BRA,Growing sugar beet and cane industry,BHS,1.079483856199851e-06,UZB,2013
327,BRA,Growing tobacco industry,BHS,2.4569088604954817e-08,UZB,2013
328,BRA,Growing fibre crops industry,BHS,2.6587082541096596e-06,UZB,2013
329,BRA,Growing crops n.e.c. industry,BHS,7.612564892718798e-08,UZB,2013
330,BRA,Growing grapes industry,BHS,3.384575527845107e-11,UZB,2013
331,BRA,Growing fruits and nuts industry,BHS,0.0,UZB,2013
332,BRA,"Growing beverage crops (coffee, tea etc) industry",BHS,0.0,UZB,2013
333,BRA,"Growing spices, aromatic, drug and pharmaceutical crops industry",BHS,7.482611543243358e-10,UZB,2013
334,BRA,Seeds and plant propagation industry,BHS,0.0,UZB,2013
335,BRA,Raising of cattle industry,BHS,1.7286124356098681e-06,UZB,2013
336,BRA,Growing wheat industry,BIH,0.00011960707376075896,UZB,2013
337,BRA,Growing maize industry,BIH,0.00023985731220752367,UZB,2013
338,BRA,Growing cereals n.e.c industry,BIH,3.949062956361466e-06,UZB,2013
339,BRA,Growing leguminous crops and oil seeds industry,BIH,0.008240816323497768,UZB,2013
340,BRA,Growing rice industry,BIH,0.0,UZB,2013
341,BRA,"Growing vegetables, roots, tubers industry",BIH,4.0098937148317257e-07,UZB,2013
342,BRA,Growing sugar beet and cane industry,BIH,1.4821654110346285e-05,UZB,2013
343,BRA,Growing tobacco industry,BIH,2.033392849437788e-07,UZB,2013
344,BRA,Growing fibre crops industry,BIH,5.782054463593413e-05,UZB,2013
345,BRA,Growing crops n.e.c. industry,BIH,1.5679472841861565e-06,UZB,2013
346,BRA,Growing grapes industry,BIH,4.0979464099626556e-10,UZB,2013
347,BRA,Growing fruits and nuts industry,BIH,0.0,UZB,2013
348,BRA,"Growing beverage crops (coffee, tea etc) industry",BIH,0.0,UZB,2013
349,BRA,"Growing spices, aromatic, drug and pharmaceutical crops industry",BIH,1.1165532128249826e-08,UZB,2013
350,BRA,Seeds and plant propagation industry,BIH,0.0,UZB,2013
351,BRA,Raising of cattle industry,BIH,4.074022036395036e-05,UZB,2013
352,BRA,Growing wheat industry,BLR,0.0019286864488593542,UZB,2013
353,BRA,Growing maize industry,BLR,0.005146543179661191,UZB,2013
354,BRA,Growing cereals n.e.c industry,BLR,6.540490555347606e-05,UZB,2013
355,BRA,Growing leguminous crops and oil seeds industry,BLR,0.056657511332167516,UZB,2013
356,BRA,Growing rice industry,BLR,0.0,UZB,2013
357,BRA,"Growing vegetables, roots, tubers industry",BLR,7.567474894471773e-06,UZB,2013
358,BRA,Growing sugar beet and cane industry,BLR,0.0002769747535149861,UZB,2013
359,BRA,Growing tobacco industry,BLR,3.7407023248837556e-06,UZB,2013
360,BRA,Growing fibre crops industry,BLR,0.0003731651644500645,UZB,2013
361,BRA,Growing crops n.e.c. industry,BLR,3.497767959326028e-05,UZB,2013
362,BRA,Growing grapes industry,BLR,7.1750092963095645e-09,UZB,2013
363,BRA,Growing fruits and nuts industry,BLR,0.0,UZB,2013
364,BRA,"Growing beverage crops (coffee, tea etc) industry",BLR,0.0,UZB,2013
365,BRA,"Growing spices, aromatic, drug and pharmaceutical crops industry",BLR,1.1026870662000755e-07,UZB,2013
366,BRA,Seeds and plant propagation industry,BLR,0.0,UZB,2013
367,BRA,Raising of cattle industry,BLR,0.0005148096486382158,UZB,2013
368,BRA,Growing wheat industry,BLZ,1.5193046873108606e-06,UZB,2013
369,BRA,Growing maize industry,BLZ,2.1423524206076975e-05,UZB,2013
370,BRA,Growing cereals n.e.c industry,BLZ,1.043554724941902e-07,UZB,2013
371,BRA,Growing leguminous crops and oil seeds industry,BLZ,3.9386180551208965e-05,UZB,2013
372,BRA,Growing rice industry,BLZ,0.0,UZB,2013
373,BRA,"Growing vegetables, roots, tubers industry",BLZ,1.550764790959148e-08,UZB,2013
374,BRA,Growing sugar beet and cane industry,BLZ,4.989181555658542e-07,UZB,2013
375,BRA,Growing tobacco industry,BLZ,1.199969923696489e-08,UZB,2013
376,BRA,Growing fibre crops industry,BLZ,7.252828381324419e-07,UZB,2013
377,BRA,Growing crops n.e.c. industry,BLZ,2.7606208393138205e-08,UZB,2013
378,BRA,Growing grapes industry,BLZ,1.4904898640137226e-11,UZB,2013
379,BRA,Growing fruits and nuts industry,BLZ,0.0,UZB,2013
380,BRA,"Growing beverage crops (coffee, tea etc) industry",BLZ,0.0,UZB,2013
381,BRA,"Growing spices, aromatic, drug and pharmaceutical crops industry",BLZ,2.4497885999394096e-10,UZB,2013
382,BRA,Seeds and plant propagation industry,BLZ,0.0,UZB,2013
383,BRA,Raising of cattle industry,BLZ,5.68320310287919e-07,UZB,2013
384,BRA,Growing wheat industry,BOL,1.9941478837129565e-05,UZB,2013
385,BRA,Growing maize industry,BOL,0.00014983668301103768,UZB,2013
386,BRA,Growing cereals n.e.c industry,BOL,9.752470245879869e-07,UZB,2013
387,BRA,Growing leguminous crops and oil seeds industry,BOL,0.00040808952324141454,UZB,2013
388,BRA,Growing rice industry,BOL,0.0,UZB,2013
389,BRA,"Growing vegetables, roots, tubers industry",BOL,9.132623714169517e-08,UZB,2013
390,BRA,Growing sugar beet and cane industry,BOL,4.1272955493719806e-06,UZB,2013
391,BRA,Growing tobacco industry,BOL,5.26464350411679e-08,UZB,2013
392,BRA,Growing fibre crops industry,BOL,8.906487973945452e-06,UZB,2013
393,BRA,Growing crops n.e.c. industry,BOL,3.3569426696398207e-07,UZB,2013
394,BRA,Growing grapes industry,BOL,9.02162956220177e-11,UZB,2013
395,BRA,Growing fruits and nuts industry,BOL,0.0,UZB,2013
396,BRA,"Growing beverage crops (coffee, tea etc) industry",BOL,0.0,UZB,2013
397,BRA,"Growing spices, aromatic, drug and pharmaceutical crops industry",BOL,2.099515602123272e-09,UZB,2013
398,BRA,Seeds and plant propagation industry,BOL,0.0,UZB,2013
399,BRA,Raising of cattle industry,BOL,5.901859961376585e-06,UZB,2013
400,BRA,Growing wheat industry,BRA,0.0023460164225625733,UZB,2013
401,BRA,Growing maize industry,BRA,0.005585853811300729,UZB,2013
402,BRA,Growing cereals n.e.c industry,BRA,6.977852512039523e-05,UZB,2013
403,BRA,Growing leguminous crops and oil seeds industry,BRA,0.030286668442028816,UZB,2013
404,BRA,Growing rice industry,BRA,0.0,UZB,2013
405,BRA,"Growing vegetables, roots, tubers industry",BRA,4.688004989642212e-06,UZB,2013
406,BRA,Growing sugar beet and cane industry,BRA,0.00028665738923687456,UZB,2013
407,BRA,Growing tobacco industry,BRA,3.302860227607674e-06,UZB,2013
408,BRA,Growing fibre crops industry,BRA,0.0003441034828219654,UZB,2013
409,BRA,Growing crops n.e.c. industry,BRA,4.498115745697938e-05,UZB,2013
410,BRA,Growing grapes industry,BRA,5.2945591079442464e-09,UZB,2013
411,BRA,Growing fruits and nuts industry,BRA,0.0,UZB,2013
412,BRA,"Growing beverage crops (coffee, tea etc) industry",BRA,0.0,UZB,2013
413,BRA,"Growing spices, aromatic, drug and pharmaceutical crops industry",BRA,8.895828594173902e-08,UZB,2013
414,BRA,Seeds and plant propagation industry,BRA,0.0,UZB,2013
415,BRA,Raising of cattle industry,BRA,0.0005183734419381134,UZB,2013
416,BRA,Growing wheat industry,BRN,1.1140444579975846e-05,UZB,2013
417,BRA,Growing maize industry,BRN,3.483551508008066e-05,UZB,2013
418,BRA,Growing cereals n.e.c industry,BRN,4.305655576469078e-07,UZB,2013
419,BRA,Growing leguminous crops and oil seeds industry,BRN,0.00023758273897172476,UZB,2013
420,BRA,Growing rice industry,BRN,0.0,UZB,2013
421,BRA,"Growing vegetables, roots, tubers industry",BRN,4.721258563093858e-08,UZB,2013
422,BRA,Growing sugar beet and cane industry,BRN,1.7955548425737269e-06,UZB,2013
423,BRA,Growing tobacco industry,BRN,3.196709760589836e-08,UZB,2013
424,BRA,Growing fibre crops industry,BRN,3.415533922103993e-06,UZB,2013
425,BRA,Growing crops n.e.c. industry,BRN,1.862543583093727e-07,UZB,2013
426,BRA,Growing grapes industry,BRN,4.566552761848825e-11,UZB,2013
427,BRA,Growing fruits and nuts industry,BRN,0.0,UZB,2013
428,BRA,"Growing beverage crops (coffee, tea etc) industry",BRN,0.0,UZB,2013
429,BRA,"Growing spices, aromatic, drug and pharmaceutical crops industry",BRN,1.0474781060313014e-09,UZB,2013
430,BRA,Seeds and plant propagation industry,BRN,0.0,UZB,2013
431,BRA,Raising of cattle industry,BRN,3.0791215612163357e-06,UZB,2013
432,BRA,Growing wheat industry,BTN,1.5879367907647737e-06,UZB,2013
433,BRA,Growing maize industry,BTN,5.470983508297913e-06,UZB,2013
434,BRA,Growing cereals n.e.c industry,BTN,6.825329491687635e-08,UZB,2013
435,BRA,Growing leguminous crops and oil seeds industry,BTN,2.9057129140671287e-05,UZB,2013
436,BRA,Growing rice industry,BTN,0.0,UZB,2013
437,BRA,"Growing vegetables, roots, tubers industry",BTN,7.3172636656191245e-09,UZB,2013
438,BRA,Growing sugar beet and cane industry,BTN,2.7937431918412923e-07,UZB,2013
439,BRA,Growing tobacco industry,BTN,4.805807746302093e-09,UZB,2013
440,BRA,Growing fibre crops industry,BTN,5.261432322488831e-07,UZB,2013
441,BRA,Growing crops n.e.c. industry,BTN,2.661892094842274e-08,UZB,2013
442,BRA,Growing grapes industry,BTN,7.066702749510662e-12,UZB,2013
443,BRA,Growing fruits and nuts industry,BTN,0.0,UZB,2013
444,BRA,"Growing beverage crops (coffee, tea etc) industry",BTN,0.0,UZB,2013
445,BRA,"Growing spices, aromatic, drug and pharmaceutical crops industry",BTN,1.5652640720433672e-10,UZB,2013
446,BRA,Seeds and plant propagation industry,BTN,0.0,UZB,2013
447,BRA,Raising of cattle industry,BTN,4.629718602044888e-07,UZB,2013
448,BRA,Growing wheat industry,BWA,7.947465104002452e-06,UZB,2013
449,BRA,Growing maize industry,BWA,3.2116466806265065e-05,UZB,2013
450,BRA,Growing cereals n.e.c industry,BWA,4.3041138049649633e-07,UZB,2013
451,BRA,Growing leguminous crops and oil seeds industry,BWA,0.0002204245878071308,UZB,2013
452,BRA,Growing rice industry,BWA,0.0,UZB,2013
453,BRA,"Growing vegetables, roots, tubers industry",BWA,4.548651383806339e-08,UZB,2013
454,BRA,Growing sugar beet and cane industry,BWA,1.7727846686286559e-06,UZB,2013
455,BRA,Growing tobacco industry,BWA,3.017912843484472e-08,UZB,2013
456,BRA,Growing fibre crops industry,BWA,3.2467616014553526e-06,UZB,2013
457,BRA,Growing crops n.e.c. industry,BWA,1.2930298488803882e-07,UZB,2013
458,BRA,Growing grapes industry,BWA,4.728735971628709e-11,UZB,2013
459,BRA,Growing fruits and nuts industry,BWA,0.0,UZB,2013
460,BRA,"Growing beverage crops (coffee, tea etc) industry",BWA,0.0,UZB,2013
461,BRA,"Growing spices, aromatic, drug and pharmaceutical crops industry",BWA,9.723186948489309e-10,UZB,2013
462,BRA,Seeds and plant propagation industry,BWA,0.0,UZB,2013
463,BRA,Raising of cattle industry,BWA,3.0152754539858006e-06,UZB,2013
464,BRA,Growing wheat industry,CAF,6.253318201428231e-07,UZB,2013
465,BRA,Growing maize industry,CAF,2.404647662534444e-06,UZB,2013
466,BRA,Growing cereals n.e.c industry,CAF,2.9332324657786287e-08,UZB,2013
467,BRA,Growing leguminous crops and oil seeds industry,CAF,2.553013304115611e-05,UZB,2013
468,BRA,Growing rice industry,CAF,0.0,UZB,2013
469,BRA,"Growing vegetables, roots, tubers industry",CAF,4.11446825398581e-09,UZB,2013
470,BRA,Growing sugar beet and cane industry,CAF,1.2302240843673935e-07,UZB,2013
471,BRA,Growing tobacco industry,CAF,2.6603617906334384e-09,UZB,2013
472,BRA,Growing fibre crops industry,CAF,2.595408270537306e-07,UZB,2013
473,BRA,Growing crops n.e.c. industry,CAF,1.004792585201483e-08,UZB,2013
474,BRA,Growing grapes industry,CAF,3.9161303231138335e-12,UZB,2013
475,BRA,Growing fruits and nuts industry,CAF,0.0,UZB,2013
476,BRA,"Growing beverage crops (coffee, tea etc) industry",CAF,0.0,UZB,2013
477,BRA,"Growing spices, aromatic, drug and pharmaceutical crops industry",CAF,7.11601614834485e-11,UZB,2013
478,BRA,Seeds and plant propagation industry,CAF,0.0,UZB,2013
479,BRA,Raising of cattle industry,CAF,2.0252730044999065e-07,UZB,2013
480,BRA,Growing wheat industry,CAN,0.0007680993744860235,UZB,2013
481,BRA,Growing maize industry,CAN,0.0033955915892538795,UZB,2013
482,BRA,Growing cereals n.e.c industry,CAN,3.4159923929147764e-05,UZB,2013
483,BRA,Growing leguminous crops and oil seeds industry,CAN,0.02838789420551817,UZB,2013
484,BRA,Growing rice industry,CAN,0.0,UZB,2013
485,BRA,"Growing vegetables, roots, tubers industry",CAN,4.406660417301709e-06,UZB,2013
486,BRA,Growing sugar beet and cane industry,CAN,0.00014092264752487734,UZB,2013
487,BRA,Growing tobacco industry,CAN,3.1231208626174056e-06,UZB,2013
488,BRA,Growing fibre crops industry,CAN,0.000439705983289187,UZB,2013
489,BRA,Growing crops n.e.c. industry,CAN,1.1539329314964188e-05,UZB,2013
490,BRA,Growing grapes industry,CAN,3.926238698348374e-09,UZB,2013
491,BRA,Growing fruits and nuts industry,CAN,0.0,UZB,2013
492,BRA,"Growing beverage crops (coffee, tea etc) industry",CAN,0.0,UZB,2013
493,BRA,"Growing spices, aromatic, drug and pharmaceutical crops industry",CAN,9.426774058205738e-08,UZB,2013
494,BRA,Seeds and plant propagation industry,CAN,0.0,UZB,2013
495,BRA,Raising of cattle industry,CAN,0.00025676504034896993,UZB,2013
496,BRA,Growing wheat industry,CHE,0.0004259961559238298,UZB,2013
497,BRA,Growing maize industry,CHE,0.002188915323932782,UZB,2013
498,BRA,Growing cereals n.e.c industry,CHE,1.9503301162272407e-05,UZB,2013
499,BRA,Growing leguminous crops and oil seeds industry,CHE,0.013924694972760696,UZB,2013
500,BRA,Growing rice industry,CHE,0.0,UZB,2013
501,BRA,"Growing vegetables, roots, tubers industry",CHE,3.349060132841478e-06,UZB,2013
502,BRA,Growing sugar beet and cane industry,CHE,8.326519870300548e-05,UZB,2013
503,BRA,Growing tobacco industry,CHE,2.1938126538964223e-06,UZB,2013
504,BRA,Growing fibre crops industry,CHE,0.00020188104412168545,UZB,2013
505,BRA,Growing crops n.e.c. industry,CHE,6.068564001606731e-06,UZB,2013
506,BRA,Growing grapes industry,CHE,2.628624398332605e-09,UZB,2013
507,BRA,Growing fruits and nuts industry,CHE,0.0,UZB,2013
508,BRA,"Growing beverage crops (coffee, tea etc) industry",CHE,0.0,UZB,2013
509,BRA,"Growing spices, aromatic, drug and pharmaceutical crops industry",CHE,5.1891142705291615e-08,UZB,2013
510,BRA,Seeds and plant propagation industry,CHE,0.0,UZB,2013
511,BRA,Raising of cattle industry,CHE,0.00012772573679859558,UZB,2013
512,BRA,Growing wheat industry,CHL,0.00012633683748927515,UZB,2013
513,BRA,Growing maize industry,CHL,0.00047906654760934784,UZB,2013
514,BRA,Growing cereals n.e.c industry,CHL,5.3742440725432886e-06,UZB,2013
515,BRA,Growing leguminous crops and oil seeds industry,CHL,0.005167348377764994,UZB,2013
516,BRA,Growing rice industry,CHL,0.0,UZB,2013
517,BRA,"Growing vegetables, roots, tubers industry",CHL,6.57920821470222e-07,UZB,2013
518,BRA,Growing sugar beet and cane industry,CHL,2.2030697448073857e-05,UZB,2013
519,BRA,Growing tobacco industry,CHL,4.208570806773095e-07,UZB,2013
520,BRA,Growing fibre crops industry,CHL,6.623664733370509e-05,UZB,2013
521,BRA,Growing crops n.e.c. industry,CHL,1.9089029994016127e-06,UZB,2013
522,BRA,Growing grapes industry,CHL,6.242775022806338e-10,UZB,2013
523,BRA,Growing fruits and nuts industry,CHL,0.0,UZB,2013
524,BRA,"Growing beverage crops (coffee, tea etc) industry",CHL,0.0,UZB,2013
525,BRA,"Growing spices, aromatic, drug and pharmaceutical crops industry",CHL,1.5002767253365945e-08,UZB,2013
526,BRA,Seeds and plant propagation industry,CHL,0.0,UZB,2013
527,BRA,Raising of cattle industry,CHL,4.1149672888159e-05,UZB,2013
528,BRA,Growing wheat industry,CHN,0.06487114555698088,UZB,2013
529,BRA,Growing maize industry,CHN,0.19409035635640606,UZB,2013
530,BRA,Growing cereals n.e.c industry,CHN,0.002513117608581323,UZB,2013
531,BRA,Growing leguminous crops and oil seeds industry,CHN,3.534921630190061,UZB,2013
532,BRA,Growing rice industry,CHN,0.0,UZB,2013
533,BRA,"Growing vegetables, roots, tubers industry",CHN,0.00029335973987762063,UZB,2013
534,BRA,Growing sugar beet and cane industry,CHN,0.009880557894784448,UZB,2013
535,BRA,Growing tobacco industry,CHN,0.0001756000862720489,UZB,2013
536,BRA,Growing fibre crops industry,CHN,0.030818876708187434,UZB,2013
537,BRA,Growing crops n.e.c. industry,CHN,0.0009270344484287656,UZB,2013
538,BRA,Growing grapes industry,CHN,2.8378514498642417e-07,UZB,2013
539,BRA,Growing fruits and nuts industry,CHN,0.0,UZB,2013
540,BRA,"Growing beverage crops (coffee, tea etc) industry",CHN,0.0,UZB,2013
541,BRA,"Growing spices, aromatic, drug and pharmaceutical crops industry",CHN,9.908433180623503e-06,UZB,2013
542,BRA,Seeds and plant propagation industry,CHN,0.0,UZB,2013
543,BRA,Raising of cattle industry,CHN,0.020697123220772645,UZB,2013
544,BRA,Growing wheat industry,CIV,4.385388029335626e-05,UZB,2013
545,BRA,Growing maize industry,CIV,0.0001609334566921996,UZB,2013
546,BRA,Growing cereals n.e.c industry,CIV,2.328334053721863e-06,UZB,2013
547,BRA,Growing leguminous crops and oil seeds industry,CIV,0.0008504801130383377,UZB,2013
548,BRA,Growing rice industry,CIV,0.0,UZB,2013
549,BRA,"Growing vegetables, roots, tubers industry",CIV,2.44590334865485e-07,UZB,2013
550,BRA,Growing sugar beet and cane industry,CIV,9.347066925862737e-06,UZB,2013
551,BRA,Growing tobacco industry,CIV,1.6781425000727517e-07,UZB,2013
552,BRA,Growing fibre crops industry,CIV,1.34696245224356e-05,UZB,2013
553,BRA,Growing crops n.e.c. industry,CIV,8.56889182201865e-07,UZB,2013
554,BRA,Growing grapes industry,CIV,2.4767768102914293e-10,UZB,2013
555,BRA,Growing fruits and nuts industry,CIV,0.0,UZB,2013
556,BRA,"Growing beverage crops (coffee, tea etc) industry",CIV,0.0,UZB,2013
557,BRA,"Growing spices, aromatic, drug and pharmaceutical crops industry",CIV,4.115511931527147e-09,UZB,2013
558,BRA,Seeds and plant propagation industry,CIV,0.0,UZB,2013
559,BRA,Raising of cattle industry,CIV,1.3770164347086233e-05,UZB,2013
560,BRA,Growing wheat industry,CMR,1.388384311660651e-05,UZB,2013
561,BRA,Growing maize industry,CMR,4.9796309299994554e-05,UZB,2013
562,BRA,Growing cereals n.e.c industry,CMR,5.898012174732852e-07,UZB,2013
563,BRA,Growing leguminous crops and oil seeds industry,CMR,0.00046084501650127814,UZB,2013
564,BRA,Growing rice industry,CMR,0.0,UZB,2013
565,BRA,"Growing vegetables, roots, tubers industry",CMR,7.123843121449587e-08,UZB,2013
566,BRA,Growing sugar beet and cane industry,CMR,2.4006926180600867e-06,UZB,2013
567,BRA,Growing tobacco industry,CMR,4.729337622018699e-08,UZB,2013
568,BRA,Growing fibre crops industry,CMR,6.485260541953416e-06,UZB,2013
569,BRA,Growing crops n.e.c. industry,CMR,2.2843080342043705e-07,UZB,2013
570,BRA,Growing grapes industry,CMR,6.753314213634955e-11,UZB,2013
571,BRA,Growing fruits and nuts industry,CMR,0.0,UZB,2013
572,BRA,"Growing beverage crops (coffee, tea etc) industry",CMR,0.0,UZB,2013
573,BRA,"Growing spices, aromatic, drug and pharmaceutical crops industry",CMR,1.532623652701686e-09,UZB,2013
574,BRA,Seeds and plant propagation industry,CMR,0.0,UZB,2013
575,BRA,Raising of cattle industry,CMR,4.2866074028182145e-06,UZB,2013
576,BRA,Growing wheat industry,COD,1.7077968257214037e-05,UZB,2013
577,BRA,Growing maize industry,COD,5.671584210080019e-05,UZB,2013
578,BRA,Growing cereals n.e.c industry,COD,6.997445614257968e-07,UZB,2013
579,BRA,Growing leguminous crops and oil seeds industry,COD,0.0005138090155552378,UZB,2013
580,BRA,Growing rice industry,COD,0.0,UZB,2013
581,BRA,"Growing vegetables, roots, tubers industry",COD,7.930834600849174e-08,UZB,2013
582,BRA,Growing sugar beet and cane industry,COD,2.8542867299933604e-06,UZB,2013
583,BRA,Growing tobacco industry,COD,5.2219372076326746e-08,UZB,2013
584,BRA,Growing fibre crops industry,COD,7.344835515285317e-06,UZB,2013
585,BRA,Growing crops n.e.c. industry,COD,2.750957457288246e-07,UZB,2013
586,BRA,Growing grapes industry,COD,7.647400675931739e-11,UZB,2013
587,BRA,Growing fruits and nuts industry,COD,0.0,UZB,2013
588,BRA,"Growing beverage crops (coffee, tea etc) industry",COD,0.0,UZB,2013
589,BRA,"Growing spices, aromatic, drug and pharmaceutical crops industry",COD,1.8818861702615976e-09,UZB,2013
590,BRA,Seeds and plant propagation industry,COD,0.0,UZB,2013
591,BRA,Raising of cattle industry,COD,5.1362038370687125e-06,UZB,2013
592,BRA,Growing wheat industry,COG,9.532284853437826e-06,UZB,2013
593,BRA,Growing maize industry,COG,4.219604762664239e-05,UZB,2013
594,BRA,Growing cereals n.e.c industry,COG,4.300300779855219e-07,UZB,2013
595,BRA,Growing leguminous crops and oil seeds industry,COG,0.00026351963878706245,UZB,2013
596,BRA,Growing rice industry,COG,0.0,UZB,2013
597,BRA,"Growing vegetables, roots, tubers industry",COG,5.5605054710869864e-08,UZB,2013
598,BRA,Growing sugar beet and cane industry,COG,1.8013613409750848e-06,UZB,2013
599,BRA,Growing tobacco industry,COG,3.6635458453795086e-08,UZB,2013
600,BRA,Growing fibre crops industry,COG,4.436197532231189e-06,UZB,2013
601,BRA,Growing crops n.e.c. industry,COG,1.4859745651586962e-07,UZB,2013
602,BRA,Growing grapes industry,COG,5.095682864265171e-11,UZB,2013
603,BRA,Growing fruits and nuts industry,COG,0.0,UZB,2013
604,BRA,"Growing beverage crops (coffee, tea etc) industry",COG,0.0,UZB,2013
605,BRA,"Growing spices, aromatic, drug and pharmaceutical crops industry",COG,1.1566778673067012e-09,UZB,2013
606,BRA,Seeds and plant propagation industry,COG,0.0,UZB,2013
607,BRA,Raising of cattle industry,COG,3.012437106669679e-06,UZB,2013
608,BRA,Growing wheat industry,COL,0.00014945548908027966,UZB,2013
609,BRA,Growing maize industry,COL,0.0005405766796406454,UZB,2013
610,BRA,Growing cereals n.e.c industry,COL,6.567150300721533e-06,UZB,2013
611,BRA,Growing leguminous crops and oil seeds industry,COL,0.006523700687086857,UZB,2013
612,BRA,Growing rice industry,COL,0.0,UZB,2013
613,BRA,"Growing vegetables, roots, tubers industry",COL,9.151856989360238e-07,UZB,2013
614,BRA,Growing sugar beet and cane industry,COL,2.6559553546010743e-05,UZB,2013
615,BRA,Growing tobacco industry,COL,4.929433893277512e-07,UZB,2013
616,BRA,Growing fibre crops industry,COL,7.816908506849549e-05,UZB,2013
617,BRA,Growing crops n.e.c. industry,COL,2.3292947645156435e-06,UZB,2013
618,BRA,Growing grapes industry,COL,8.497394199559542e-10,UZB,2013
619,BRA,Growing fruits and nuts industry,COL,0.0,UZB,2013
620,BRA,"Growing beverage crops (coffee, tea etc) industry",COL,0.0,UZB,2013
621,BRA,"Growing spices, aromatic, drug and pharmaceutical crops industry",COL,1.7573727008825704e-08,UZB,2013
622,BRA,Seeds and plant propagation industry,COL,0.0,UZB,2013
623,BRA,Raising of cattle industry,COL,5.043171564829881e-05,UZB,2013
624,BRA,Growing wheat industry,CRI,1.890893699148055e-05,UZB,2013
625,BRA,Growing maize industry,CRI,7.116009499336398e-05,UZB,2013
626,BRA,Growing cereals n.e.c industry,CRI,8.651811461804255e-07,UZB,2013
627,BRA,Growing leguminous crops and oil seeds industry,CRI,0.0005587883405404771,UZB,2013
628,BRA,Growing rice industry,CRI,0.0,UZB,2013
629,BRA,"Growing vegetables, roots, tubers industry",CRI,1.0989584823418556e-07,UZB,2013
630,BRA,Growing sugar beet and cane industry,CRI,3.595696428552256e-06,UZB,2013
631,BRA,Growing tobacco industry,CRI,8.656331453514687e-08,UZB,2013
632,BRA,Growing fibre crops industry,CRI,7.968536898434061e-06,UZB,2013
633,BRA,Growing crops n.e.c. industry,CRI,3.278174321519124e-07,UZB,2013
634,BRA,Growing grapes industry,CRI,1.0529650541407853e-10,UZB,2013
635,BRA,Growing fruits and nuts industry,CRI,0.0,UZB,2013
636,BRA,"Growing beverage crops (coffee, tea etc) industry",CRI,0.0,UZB,2013
637,BRA,"Growing spices, aromatic, drug and pharmaceutical crops industry",CRI,2.1220054107333968e-09,UZB,2013
638,BRA,Seeds and plant propagation industry,CRI,0.0,UZB,2013
639,BRA,Raising of cattle industry,CRI,6.008986774191138e-06,UZB,2013
640,BRA,Growing wheat industry,CUB,3.50930851450934e-05,UZB,2013
641,BRA,Growing maize industry,CUB,0.00018972901786372734,UZB,2013
642,BRA,Growing cereals n.e.c industry,CUB,2.312109674262825e-06,UZB,2013
643,BRA,Growing leguminous crops and oil seeds industry,CUB,0.001129939191569254,UZB,2013
644,BRA,Growing rice industry,CUB,0.0,UZB,2013
645,BRA,"Growing vegetables, roots, tubers industry",CUB,3.7267913189549477e-07,UZB,2013
646,BRA,Growing sugar beet and cane industry,CUB,9.88555096051553e-06,UZB,2013
647,BRA,Growing tobacco industry,CUB,2.874229294493689e-07,UZB,2013
648,BRA,Growing fibre crops industry,CUB,1.9432490402980854e-05,UZB,2013
649,BRA,Growing crops n.e.c. industry,CUB,6.613584724460635e-07,UZB,2013
650,BRA,Growing grapes industry,CUB,3.5239508067832925e-10,UZB,2013
651,BRA,Growing fruits and nuts industry,CUB,0.0,UZB,2013
652,BRA,"Growing beverage crops (coffee, tea etc) industry",CUB,0.0,UZB,2013
653,BRA,"Growing spices, aromatic, drug and pharmaceutical crops industry",CUB,6.1197962453050295e-09,UZB,2013
654,BRA,Seeds and plant propagation industry,CUB,0.0,UZB,2013
655,BRA,Raising of cattle industry,CUB,1.3512728287388006e-05,UZB,2013
656,BRA,Growing wheat industry,CYP,2.7998946225254243e-05,UZB,2013
657,BRA,Growing maize industry,CYP,0.0004084124645037732,UZB,2013
658,BRA,Growing cereals n.e.c industry,CYP,1.1524589422002946e-06,UZB,2013
659,BRA,Growing leguminous crops and oil seeds industry,CYP,0.0005110139232283215,UZB,2013
660,BRA,Growing rice industry,CYP,0.0,UZB,2013
661,BRA,"Growing vegetables, roots, tubers industry",CYP,1.0563288117146518e-07,UZB,2013
662,BRA,Growing sugar beet and cane industry,CYP,6.120678367877399e-06,UZB,2013
663,BRA,Growing tobacco industry,CYP,9.088518029119497e-08,UZB,2013
664,BRA,Growing fibre crops industry,CYP,7.825235821995827e-06,UZB,2013
665,BRA,Growing crops n.e.c. industry,CYP,4.125620569561447e-07,UZB,2013
666,BRA,Growing grapes industry,CYP,1.112793257150198e-10,UZB,2013
667,BRA,Growing fruits and nuts industry,CYP,0.0,UZB,2013
668,BRA,"Growing beverage crops (coffee, tea etc) industry",CYP,0.0,UZB,2013
669,BRA,"Growing spices, aromatic, drug and pharmaceutical crops industry",CYP,2.1778887088839564e-09,UZB,2013
670,BRA,Seeds and plant propagation industry,CYP,0.0,UZB,2013
671,BRA,Raising of cattle industry,CYP,7.293237671981563e-06,UZB,2013
672,BRA,Growing wheat industry,CZE,0.0004700956732574996,UZB,2013
673,BRA,Growing maize industry,CZE,0.0016769527723331282,UZB,2013
674,BRA,Growing cereals n.e.c industry,CZE,1.7653732300694004e-05,UZB,2013
675,BRA,Growing leguminous crops and oil seeds industry,CZE,0.026954894089155173,UZB,2013
676,BRA,Growing rice industry,CZE,0.0,UZB,2013
677,BRA,"Growing vegetables, roots, tubers industry",CZE,1.8309910503144278e-06,UZB,2013
678,BRA,Growing sugar beet and cane industry,CZE,7.077877408019939e-05,UZB,2013
679,BRA,Growing tobacco industry,CZE,1.0496284060120245e-06,UZB,2013
680,BRA,Growing fibre crops industry,CZE,0.00020596315311365373,UZB,2013
681,BRA,Growing crops n.e.c. industry,CZE,6.724619989099372e-06,UZB,2013
682,BRA,Growing grapes industry,CZE,1.9284758660536482e-09,UZB,2013
683,BRA,Growing fruits and nuts industry,CZE,0.0,UZB,2013
684,BRA,"Growing beverage crops (coffee, tea etc) industry",CZE,0.0,UZB,2013
685,BRA,"Growing spices, aromatic, drug and pharmaceutical crops industry",CZE,4.4827548278580214e-08,UZB,2013
686,BRA,Seeds and plant propagation industry,CZE,0.0,UZB,2013
687,BRA,Raising of cattle industry,CZE,0.00015490885553799487,UZB,2013
688,BRA,Growing wheat industry,DEU,0.002777343581583391,UZB,2013
689,BRA,Growing maize industry,DEU,0.019050712112390955,UZB,2013
690,BRA,Growing cereals n.e.c industry,DEU,0.00012164067323544132,UZB,2013
691,BRA,Growing leguminous crops and oil seeds industry,DEU,0.09360898196391237,UZB,2013
692,BRA,Growing rice industry,DEU,0.0,UZB,2013
693,BRA,"Growing vegetables, roots, tubers industry",DEU,1.8819147328653516e-05,UZB,2013
694,BRA,Growing sugar beet and cane industry,DEU,0.0005599105390332111,UZB,2013
695,BRA,Growing tobacco industry,DEU,3.039072608757e-05,UZB,2013
696,BRA,Growing fibre crops industry,DEU,0.0011986630268138456,UZB,2013
697,BRA,Growing crops n.e.c. industry,DEU,3.9105284014564314e-05,UZB,2013
698,BRA,Growing grapes industry,DEU,1.5257950563481314e-08,UZB,2013
699,BRA,Growing fruits and nuts industry,DEU,0.0,UZB,2013
700,BRA,"Growing beverage crops (coffee, tea etc) industry",DEU,0.0,UZB,2013
701,BRA,"Growing spices, aromatic, drug and pharmaceutical crops industry",DEU,2.883268288499586e-07,UZB,2013
702,BRA,Seeds and plant propagation industry,DEU,0.0,UZB,2013
703,BRA,Raising of cattle industry,DEU,0.0008006705816471566,UZB,2013
704,BRA,Growing wheat industry,DJI,5.439092473432953e-05,UZB,2013
705,BRA,Growing maize industry,DJI,0.00012342315613695043,UZB,2013
706,BRA,Growing cereals n.e.c industry,DJI,1.0269448709955498e-06,UZB,2013
707,BRA,Growing leguminous crops and oil seeds industry,DJI,0.003262393440101534,UZB,2013
708,BRA,Growing rice industry,DJI,0.0,UZB,2013
709,BRA,"Growing vegetables, roots, tubers industry",DJI,7.08616388589768e-08,UZB,2013
710,BRA,Growing sugar beet and cane industry,DJI,6.141019535359034e-06,UZB,2013
711,BRA,Growing tobacco industry,DJI,4.7368481283482143e-08,UZB,2013
712,BRA,Growing fibre crops industry,DJI,3.721320787326863e-06,UZB,2013
713,BRA,Growing crops n.e.c. industry,DJI,3.4081462439744314e-07,UZB,2013
714,BRA,Growing grapes industry,DJI,1.6302496686420347e-10,UZB,2013
715,BRA,Growing fruits and nuts industry,DJI,0.0,UZB,2013
716,BRA,"Growing beverage crops (coffee, tea etc) industry",DJI,0.0,UZB,2013
717,BRA,"Growing spices, aromatic, drug and pharmaceutical crops industry",DJI,1.1739660273058299e-09,UZB,2013
718,BRA,Seeds and plant propagation industry,DJI,0.0,UZB,2013
719,BRA,Raising of cattle industry,DJI,9.921657089052898e-06,UZB,2013
720,BRA,Growing wheat industry,DYE,0.0,UZB,2013
721,BRA,Growing maize industry,DYE,0.0,UZB,2013
722,BRA,Growing cereals n.e.c industry,DYE,0.0,UZB,2013
723,BRA,Growing leguminous crops and oil seeds industry,DYE,0.0,UZB,2013
724,BRA,Growing rice industry,DYE,0.0,UZB,2013
725,BRA,"Growing vegetables, roots, tubers industry",DYE,0.0,UZB,2013
726,BRA,Growing sugar beet and cane industry,DYE,0.0,UZB,2013
727,BRA,Growing tobacco industry,DYE,0.0,UZB,2013
728,BRA,Growing fibre crops industry,DYE,0.0,UZB,2013
729,BRA,Growing crops n.e.c. industry,DYE,0.0,UZB,2013
730,BRA,Growing grapes industry,DYE,0.0,UZB,2013
731,BRA,Growing fruits and nuts industry,DYE,0.0,UZB,2013
732,BRA,"Growing beverage crops (coffee, tea etc) industry",DYE,0.0,UZB,2013
733,BRA,"Growing spices, aromatic, drug and pharmaceutical crops industry",DYE,0.0,UZB,2013
734,BRA,Seeds and plant propagation industry,DYE,0.0,UZB,2013
735,BRA,Raising of cattle industry,DYE,0.0,UZB,2013
736,BRA,Growing wheat industry,DNK,0.0003104527510301125,UZB,2013
737,BRA,Growing maize industry,DNK,0.0009301779436092141,UZB,2013
738,BRA,Growing cereals n.e.c industry,DNK,8.36313486374563e-06,UZB,2013
739,BRA,Growing leguminous crops and oil seeds industry,DNK,0.0356060037799469,UZB,2013
740,BRA,Growing rice industry,DNK,0.0,UZB,2013
741,BRA,"Growing vegetables, roots, tubers industry",DNK,7.971469296549725e-07,UZB,2013
742,BRA,Growing sugar beet and cane industry,DNK,3.910601598595933e-05,UZB,2013
743,BRA,Growing tobacco industry,DNK,4.954337503354076e-07,UZB,2013
744,BRA,Growing fibre crops industry,DNK,6.605521040905581e-05,UZB,2013
745,BRA,Growing crops n.e.c. industry,DNK,2.9499411349162968e-06,UZB,2013
746,BRA,Growing grapes industry,DNK,1.1884674688222551e-09,UZB,2013
747,BRA,Growing fruits and nuts industry,DNK,0.0,UZB,2013
748,BRA,"Growing beverage crops (coffee, tea etc) industry",DNK,0.0,UZB,2013
749,BRA,"Growing spices, aromatic, drug and pharmaceutical crops industry",DNK,1.6453624800978223e-08,UZB,2013
750,BRA,Seeds and plant propagation industry,DNK,0.0,UZB,2013
751,BRA,Raising of cattle industry,DNK,8.012351657129558e-05,UZB,2013
752,BRA,Growing wheat industry,DOM,1.3497393375402864e-05,UZB,2013
753,BRA,Growing maize industry,DOM,4.963785859710721e-05,UZB,2013
754,BRA,Growing cereals n.e.c industry,DOM,5.902452150714191e-07,UZB,2013
755,BRA,Growing leguminous crops and oil seeds industry,DOM,0.00042983378364565186,UZB,2013
756,BRA,Growing rice industry,DOM,0.0,UZB,2013
757,BRA,"Growing vegetables, roots, tubers industry",DOM,6.828416783199131e-08,UZB,2013
758,BRA,Growing sugar beet and cane industry,DOM,2.430183167354736e-06,UZB,2013
759,BRA,Growing tobacco industry,DOM,4.979075418005293e-08,UZB,2013
760,BRA,Growing fibre crops industry,DOM,5.786608443947873e-06,UZB,2013
761,BRA,Growing crops n.e.c. industry,DOM,2.2472600667013204e-07,UZB,2013
762,BRA,Growing grapes industry,DOM,6.521791864527003e-11,UZB,2013
763,BRA,Growing fruits and nuts industry,DOM,0.0,UZB,2013
764,BRA,"Growing beverage crops (coffee, tea etc) industry",DOM,0.0,UZB,2013
765,BRA,"Growing spices, aromatic, drug and pharmaceutical crops industry",DOM,1.4206258217550941e-09,UZB,2013
766,BRA,Seeds and plant propagation industry,DOM,0.0,UZB,2013
767,BRA,Raising of cattle industry,DOM,4.368191502473741e-06,UZB,2013
768,BRA,Growing wheat industry,DZA,0.00024568587830781823,UZB,2013
769,BRA,Growing maize industry,DZA,0.0034905842674636165,UZB,2013
770,BRA,Growing cereals n.e.c industry,DZA,1.0497303883837388e-05,UZB,2013
771,BRA,Growing leguminous crops and oil seeds industry,DZA,0.022188381140314295,UZB,2013
772,BRA,Growing rice industry,DZA,0.0,UZB,2013
773,BRA,"Growing vegetables, roots, tubers industry",DZA,9.712529616598927e-07,UZB,2013
774,BRA,Growing sugar beet and cane industry,DZA,5.233011345245778e-05,UZB,2013
775,BRA,Growing tobacco industry,DZA,6.479512110538991e-07,UZB,2013
776,BRA,Growing fibre crops industry,DZA,7.431456408943055e-05,UZB,2013
777,BRA,Growing crops n.e.c. industry,DZA,3.92558405120219e-06,UZB,2013
778,BRA,Growing grapes industry,DZA,2.421081185795333e-09,UZB,2013
779,BRA,Growing fruits and nuts industry,DZA,0.0,UZB,2013
780,BRA,"Growing beverage crops (coffee, tea etc) industry",DZA,0.0,UZB,2013
781,BRA,"Growing spices, aromatic, drug and pharmaceutical crops industry",DZA,2.0016673185375713e-08,UZB,2013
782,BRA,Seeds and plant propagation industry,DZA,0.0,UZB,2013
783,BRA,Raising of cattle industry,DZA,7.493802541780764e-05,UZB,2013
784,BRA,Growing wheat industry,ECU,3.940288337953234e-05,UZB,2013
785,BRA,Growing maize industry,ECU,0.00015386875468643833,UZB,2013
786,BRA,Growing cereals n.e.c industry,ECU,1.912276299925629e-06,UZB,2013
787,BRA,Growing leguminous crops and oil seeds industry,ECU,0.0012077669430164487,UZB,2013
788,BRA,Growing rice industry,ECU,0.0,UZB,2013
789,BRA,"Growing vegetables, roots, tubers industry",ECU,2.577331793693887e-07,UZB,2013
790,BRA,Growing sugar beet and cane industry,ECU,7.979668649146877e-06,UZB,2013
791,BRA,Growing tobacco industry,ECU,1.8566055555102102e-07,UZB,2013
792,BRA,Growing fibre crops industry,ECU,1.936831017219248e-05,UZB,2013
793,BRA,Growing crops n.e.c. industry,ECU,6.360168975819112e-07,UZB,2013
794,BRA,Growing grapes industry,ECU,2.4241668910307014e-10,UZB,2013
795,BRA,Growing fruits and nuts industry,ECU,0.0,UZB,2013
796,BRA,"Growing beverage crops (coffee, tea etc) industry",ECU,0.0,UZB,2013
797,BRA,"Growing spices, aromatic, drug and pharmaceutical crops industry",ECU,5.3146294724195056e-09,UZB,2013
798,BRA,Seeds and plant propagation industry,ECU,0.0,UZB,2013
799,BRA,Raising of cattle industry,ECU,1.3389122566598396e-05,UZB,2013
800,BRA,Growing wheat industry,EGY,0.00030809857248151296,UZB,2013
801,BRA,Growing maize industry,EGY,0.0010528263457698478,UZB,2013
802,BRA,Growing cereals n.e.c industry,EGY,1.3010364716756976e-05,UZB,2013
803,BRA,Growing leguminous crops and oil seeds industry,EGY,0.01271202917190444,UZB,2013
804,BRA,Growing rice industry,EGY,0.0,UZB,2013
805,BRA,"Growing vegetables, roots, tubers industry",EGY,1.4254033822510973e-06,UZB,2013
806,BRA,Growing sugar beet and cane industry,EGY,5.297202277791445e-05,UZB,2013
807,BRA,Growing tobacco industry,EGY,9.594857377133717e-07,UZB,2013
808,BRA,Growing fibre crops industry,EGY,0.00013840182886558502,UZB,2013
809,BRA,Growing crops n.e.c. industry,EGY,4.7191596319060706e-06,UZB,2013
810,BRA,Growing grapes industry,EGY,1.400191745854814e-09,UZB,2013
811,BRA,Growing fruits and nuts industry,EGY,0.0,UZB,2013
812,BRA,"Growing beverage crops (coffee, tea etc) industry",EGY,0.0,UZB,2013
813,BRA,"Growing spices, aromatic, drug and pharmaceutical crops industry",EGY,3.4788106228244033e-08,UZB,2013
814,BRA,Seeds and plant propagation industry,EGY,0.0,UZB,2013
815,BRA,Raising of cattle industry,EGY,0.00010336185141699832,UZB,2013
816,BRA,Growing wheat industry,ERI,1.4000797812044534e-06,UZB,2013
817,BRA,Growing maize industry,ERI,5.272869222631349e-06,UZB,2013
818,BRA,Growing cereals n.e.c industry,ERI,7.419967965461729e-08,UZB,2013
819,BRA,Growing leguminous crops and oil seeds industry,ERI,3.4954104025805064e-05,UZB,2013
820,BRA,Growing rice industry,ERI,0.0,UZB,2013
821,BRA,"Growing vegetables, roots, tubers industry",ERI,1.0317909676026615e-08,UZB,2013
822,BRA,Growing sugar beet and cane industry,ERI,3.060349045946958e-07,UZB,2013
823,BRA,Growing tobacco industry,ERI,7.322080411156357e-09,UZB,2013
824,BRA,Growing fibre crops industry,ERI,6.392025848833225e-07,UZB,2013
825,BRA,Growing crops n.e.c. industry,ERI,2.580733325764779e-08,UZB,2013
826,BRA,Growing grapes industry,ERI,9.595479462866637e-12,UZB,2013
827,BRA,Growing fruits and nuts industry,ERI,0.0,UZB,2013
828,BRA,"Growing beverage crops (coffee, tea etc) industry",ERI,0.0,UZB,2013
829,BRA,"Growing spices, aromatic, drug and pharmaceutical crops industry",ERI,1.9222416463115508e-10,UZB,2013
830,BRA,Seeds and plant propagation industry,ERI,0.0,UZB,2013
831,BRA,Raising of cattle industry,ERI,4.616292817381759e-07,UZB,2013
832,BRA,Growing wheat industry,ESP,0.000832445958025833,UZB,2013
833,BRA,Growing maize industry,ESP,0.003226185250643972,UZB,2013
834,BRA,Growing cereals n.e.c industry,ESP,3.2750780031560546e-05,UZB,2013
835,BRA,Growing leguminous crops and oil seeds industry,ESP,0.03176178695443491,UZB,2013
836,BRA,Growing rice industry,ESP,0.0,UZB,2013
837,BRA,"Growing vegetables, roots, tubers industry",ESP,4.080507242094629e-06,UZB,2013
838,BRA,Growing sugar beet and cane industry,ESP,0.00013616314694791745,UZB,2013
839,BRA,Growing tobacco industry,ESP,2.490760962978588e-06,UZB,2013
840,BRA,Growing fibre crops industry,ESP,0.0003685164129259568,UZB,2013
841,BRA,Growing crops n.e.c. industry,ESP,1.1953380243480885e-05,UZB,2013
842,BRA,Growing grapes industry,ESP,3.835360016697038e-09,UZB,2013
843,BRA,Growing fruits and nuts industry,ESP,0.0,UZB,2013
844,BRA,"Growing beverage crops (coffee, tea etc) industry",ESP,0.0,UZB,2013
845,BRA,"Growing spices, aromatic, drug and pharmaceutical crops industry",ESP,9.082553753833813e-08,UZB,2013
846,BRA,Seeds and plant propagation industry,ESP,0.0,UZB,2013
847,BRA,Raising of cattle industry,ESP,0.00025364954742315276,UZB,2013
848,BRA,Growing wheat industry,EST,0.00010102172863452715,UZB,2013
849,BRA,Growing maize industry,EST,0.0009573270138831516,UZB,2013
850,BRA,Growing cereals n.e.c industry,EST,3.2765061182227797e-06,UZB,2013
851,BRA,Growing leguminous crops and oil seeds industry,EST,0.007631589906583151,UZB,2013
852,BRA,Growing rice industry,EST,0.0,UZB,2013
853,BRA,"Growing vegetables, roots, tubers industry",EST,3.068992983591459e-07,UZB,2013
854,BRA,Growing sugar beet and cane industry,EST,2.0764799858188058e-05,UZB,2013
855,BRA,Growing tobacco industry,EST,1.8811562769784653e-07,UZB,2013
856,BRA,Growing fibre crops industry,EST,2.5227981057895462e-05,UZB,2013
857,BRA,Growing crops n.e.c. industry,EST,1.1573837687842057e-06,UZB,2013
858,BRA,Growing grapes industry,EST,4.241463056599537e-10,UZB,2013
859,BRA,Growing fruits and nuts industry,EST,0.0,UZB,2013
860,BRA,"Growing beverage crops (coffee, tea etc) industry",EST,0.0,UZB,2013
861,BRA,"Growing spices, aromatic, drug and pharmaceutical crops industry",EST,5.687071004918876e-09,UZB,2013
862,BRA,Seeds and plant propagation industry,EST,0.0,UZB,2013
863,BRA,Raising of cattle industry,EST,2.7430089308040516e-05,UZB,2013
864,BRA,Growing wheat industry,ETH,0.00016135780624434716,UZB,2013
865,BRA,Growing maize industry,ETH,0.0004878860039712769,UZB,2013
866,BRA,Growing cereals n.e.c industry,ETH,8.28086961671853e-06,UZB,2013
867,BRA,Growing leguminous crops and oil seeds industry,ETH,0.0032173729994105756,UZB,2013
868,BRA,Growing rice industry,ETH,0.0,UZB,2013
869,BRA,"Growing vegetables, roots, tubers industry",ETH,9.584957145664212e-07,UZB,2013
870,BRA,Growing sugar beet and cane industry,ETH,3.3464735415126674e-05,UZB,2013
871,BRA,Growing tobacco industry,ETH,6.066137688777897e-07,UZB,2013
872,BRA,Growing fibre crops industry,ETH,7.381449830547302e-05,UZB,2013
873,BRA,Growing crops n.e.c. industry,ETH,2.5647488893668766e-06,UZB,2013
874,BRA,Growing grapes industry,ETH,9.461982243984254e-10,UZB,2013
875,BRA,Growing fruits and nuts industry,ETH,0.0,UZB,2013
876,BRA,"Growing beverage crops (coffee, tea etc) industry",ETH,0.0,UZB,2013
877,BRA,"Growing spices, aromatic, drug and pharmaceutical crops industry",ETH,2.4322513088938766e-08,UZB,2013
878,BRA,Seeds and plant propagation industry,ETH,0.0,UZB,2013
879,BRA,Raising of cattle industry,ETH,5.211074369216173e-05,UZB,2013
880,BRA,Growing wheat industry,FIN,0.00013798759959070608,UZB,2013
881,BRA,Growing maize industry,FIN,0.0012547484177255202,UZB,2013
882,BRA,Growing cereals n.e.c industry,FIN,6.07967980604433e-06,UZB,2013
883,BRA,Growing leguminous crops and oil seeds industry,FIN,0.005277647589496885,UZB,2013
884,BRA,Growing rice industry,FIN,0.0,UZB,2013
885,BRA,"Growing vegetables, roots, tubers industry",FIN,7.523271257860687e-07,UZB,2013
886,BRA,Growing sugar beet and cane industry,FIN,2.8239042527676915e-05,UZB,2013
887,BRA,Growing tobacco industry,FIN,4.943311840160652e-07,UZB,2013
888,BRA,Growing fibre crops industry,FIN,5.970536895741458e-05,UZB,2013
889,BRA,Growing crops n.e.c. industry,FIN,1.974519117422036e-06,UZB,2013
890,BRA,Growing grapes industry,FIN,7.072101602031691e-10,UZB,2013
891,BRA,Growing fruits and nuts industry,FIN,0.0,UZB,2013
892,BRA,"Growing beverage crops (coffee, tea etc) industry",FIN,0.0,UZB,2013
893,BRA,"Growing spices, aromatic, drug and pharmaceutical crops industry",FIN,1.4282618188892826e-08,UZB,2013
894,BRA,Seeds and plant propagation industry,FIN,0.0,UZB,2013
895,BRA,Raising of cattle industry,FIN,4.139590431602396e-05,UZB,2013
896,BRA,Growing wheat industry,FRA,0.0018039224058692066,UZB,2013
897,BRA,Growing maize industry,FRA,0.010562801075327819,UZB,2013
898,BRA,Growing cereals n.e.c industry,FRA,7.221929209999452e-05,UZB,2013
899,BRA,Growing leguminous crops and oil seeds industry,FRA,0.11309222864478141,UZB,2013
900,BRA,Growing rice industry,FRA,0.0,UZB,2013
901,BRA,"Growing vegetables, roots, tubers industry",FRA,9.239141081538236e-06,UZB,2013
902,BRA,Growing sugar beet and cane industry,FRA,0.00031333831468979004,UZB,2013
903,BRA,Growing tobacco industry,FRA,5.714817937140512e-06,UZB,2013
904,BRA,Growing fibre crops industry,FRA,0.0009803052340268204,UZB,2013
905,BRA,Growing crops n.e.c. industry,FRA,2.4123475036379518e-05,UZB,2013
906,BRA,Growing grapes industry,FRA,9.693095817159688e-09,UZB,2013
907,BRA,Growing fruits and nuts industry,FRA,0.0,UZB,2013
908,BRA,"Growing beverage crops (coffee, tea etc) industry",FRA,0.0,UZB,2013
909,BRA,"Growing spices, aromatic, drug and pharmaceutical crops industry",FRA,2.069353941761301e-07,UZB,2013
910,BRA,Seeds and plant propagation industry,FRA,0.0,UZB,2013
911,BRA,Raising of cattle industry,FRA,0.0005326274183326155,UZB,2013
912,BRA,Growing wheat industry,GAB,7.924321278442307e-06,UZB,2013
913,BRA,Growing maize industry,GAB,3.1755457050488314e-05,UZB,2013
914,BRA,Growing cereals n.e.c industry,GAB,3.6991938651451843e-07,UZB,2013
915,BRA,Growing leguminous crops and oil seeds industry,GAB,0.00021816661892289844,UZB,2013
916,BRA,Growing rice industry,GAB,0.0,UZB,2013
917,BRA,"Growing vegetables, roots, tubers industry",GAB,4.793571541309364e-08,UZB,2013
918,BRA,Growing sugar beet and cane industry,GAB,1.5319546242926866e-06,UZB,2013
919,BRA,Growing tobacco industry,GAB,3.2879982028486646e-08,UZB,2013
920,BRA,Growing fibre crops industry,GAB,3.982030540389317e-06,UZB,2013
921,BRA,Growing crops n.e.c. industry,GAB,1.2616887260070265e-07,UZB,2013
922,BRA,Growing grapes industry,GAB,4.388531012387337e-11,UZB,2013
923,BRA,Growing fruits and nuts industry,GAB,0.0,UZB,2013
924,BRA,"Growing beverage crops (coffee, tea etc) industry",GAB,0.0,UZB,2013
925,BRA,"Growing spices, aromatic, drug and pharmaceutical crops industry",GAB,1.003980080651816e-09,UZB,2013
926,BRA,Seeds and plant propagation industry,GAB,0.0,UZB,2013
927,BRA,Raising of cattle industry,GAB,2.565261236919954e-06,UZB,2013
928,BRA,Growing wheat industry,GBR,0.002913955165134681,UZB,2013
929,BRA,Growing maize industry,GBR,0.01080602227392081,UZB,2013
930,BRA,Growing cereals n.e.c industry,GBR,0.00010600470075985909,UZB,2013
931,BRA,Growing leguminous crops and oil seeds industry,GBR,0.16654984076782992,UZB,2013
932,BRA,Growing rice industry,GBR,0.0,UZB,2013
933,BRA,"Growing vegetables, roots, tubers industry",GBR,1.4970728269803183e-05,UZB,2013
934,BRA,Growing sugar beet and cane industry,GBR,0.0004614947376591374,UZB,2013
935,BRA,Growing tobacco industry,GBR,8.945186732449805e-06,UZB,2013
936,BRA,Growing fibre crops industry,GBR,0.0010399324519301323,UZB,2013
937,BRA,Growing crops n.e.c. industry,GBR,3.211856184004644e-05,UZB,2013
938,BRA,Growing grapes industry,GBR,1.4744486806344964e-08,UZB,2013
939,BRA,Growing fruits and nuts industry,GBR,0.0,UZB,2013
940,BRA,"Growing beverage crops (coffee, tea etc) industry",GBR,0.0,UZB,2013
941,BRA,"Growing spices, aromatic, drug and pharmaceutical crops industry",GBR,3.166110661188164e-07,UZB,2013
942,BRA,Seeds and plant propagation industry,GBR,0.0,UZB,2013
943,BRA,Raising of cattle industry,GBR,0.0008392927747522237,UZB,2013
944,BRA,Growing wheat industry,GEO,0.0020856864109028905,UZB,2013
945,BRA,Growing maize industry,GEO,0.0038588673550745195,UZB,2013
946,BRA,Growing cereals n.e.c industry,GEO,4.982302126463726e-05,UZB,2013
947,BRA,Growing leguminous crops and oil seeds industry,GEO,0.013767946208436988,UZB,2013
948,BRA,Growing rice industry,GEO,0.0,UZB,2013
949,BRA,"Growing vegetables, roots, tubers industry",GEO,1.667447345943621e-06,UZB,2013
950,BRA,Growing sugar beet and cane industry,GEO,0.00024816525874012086,UZB,2013
951,BRA,Growing tobacco industry,GEO,0.0021271364046845567,UZB,2013
952,BRA,Growing fibre crops industry,GEO,0.00012454334527832182,UZB,2013
953,BRA,Growing crops n.e.c. industry,GEO,3.512410379627759e-05,UZB,2013
954,BRA,Growing grapes industry,GEO,2.772979563301806e-09,UZB,2013
955,BRA,Growing fruits and nuts industry,GEO,0.0,UZB,2013
956,BRA,"Growing beverage crops (coffee, tea etc) industry",GEO,0.0,UZB,2013
957,BRA,"Growing spices, aromatic, drug and pharmaceutical crops industry",GEO,6.477068663894043e-08,UZB,2013
958,BRA,Seeds and plant propagation industry,GEO,0.0,UZB,2013
959,BRA,Raising of cattle industry,GEO,0.000443649191696642,UZB,2013
960,BRA,Growing wheat industry,GHA,5.3542500973114145e-05,UZB,2013
961,BRA,Growing maize industry,GHA,0.0001879188434935837,UZB,2013
962,BRA,Growing cereals n.e.c industry,GHA,2.2004985489626273e-06,UZB,2013
963,BRA,Growing leguminous crops and oil seeds industry,GHA,0.0015568181634863893,UZB,2013
964,BRA,Growing rice industry,GHA,0.0,UZB,2013
965,BRA,"Growing vegetables, roots, tubers industry",GHA,2.6803741358118837e-07,UZB,2013
966,BRA,Growing sugar beet and cane industry,GHA,8.980541092732886e-06,UZB,2013
967,BRA,Growing tobacco industry,GHA,1.6964987621201657e-07,UZB,2013
968,BRA,Growing fibre crops industry,GHA,2.3500501934280623e-05,UZB,2013
969,BRA,Growing crops n.e.c. industry,GHA,8.664152699058529e-07,UZB,2013
970,BRA,Growing grapes industry,GHA,2.4860905237123295e-10,UZB,2013
971,BRA,Growing fruits and nuts industry,GHA,0.0,UZB,2013
972,BRA,"Growing beverage crops (coffee, tea etc) industry",GHA,0.0,UZB,2013
973,BRA,"Growing spices, aromatic, drug and pharmaceutical crops industry",GHA,5.75609750886501e-09,UZB,2013
974,BRA,Seeds and plant propagation industry,GHA,0.0,UZB,2013
975,BRA,Raising of cattle industry,GHA,1.5921493439228793e-05,UZB,2013
976,BRA,Growing wheat industry,GIN,1.6041870889295142e-05,UZB,2013
977,BRA,Growing maize industry,GIN,7.211931177278019e-05,UZB,2013
978,BRA,Growing cereals n.e.c industry,GIN,7.312896336098669e-07,UZB,2013
979,BRA,Growing leguminous crops and oil seeds industry,GIN,0.0005237033354711742,UZB,2013
980,BRA,Growing rice industry,GIN,0.0,UZB,2013
981,BRA,"Growing vegetables, roots, tubers industry",GIN,7.157953712440467e-08,UZB,2013
982,BRA,Growing sugar beet and cane industry,GIN,2.9950008030377003e-06,UZB,2013
983,BRA,Growing tobacco industry,GIN,5.031767701445755e-08,UZB,2013
984,BRA,Growing fibre crops industry,GIN,6.0870275750616785e-06,UZB,2013
985,BRA,Growing crops n.e.c. industry,GIN,2.687748677837006e-07,UZB,2013
986,BRA,Growing grapes industry,GIN,8.29770336185422e-11,UZB,2013
987,BRA,Growing fruits and nuts industry,GIN,0.0,UZB,2013
988,BRA,"Growing beverage crops (coffee, tea etc) industry",GIN,0.0,UZB,2013
989,BRA,"Growing spices, aromatic, drug and pharmaceutical crops industry",GIN,1.6455974564404663e-09,UZB,2013
990,BRA,Seeds and plant propagation industry,GIN,0.0,UZB,2013
991,BRA,Raising of cattle industry,GIN,4.964697131858951e-06,UZB,2013
992,BRA,Growing wheat industry,GMB,1.147683075726334e-06,UZB,2013
993,BRA,Growing maize industry,GMB,3.5948359474615723e-06,UZB,2013
994,BRA,Growing cereals n.e.c industry,GMB,4.751645948469406e-08,UZB,2013
995,BRA,Growing leguminous crops and oil seeds industry,GMB,2.8076399360114714e-05,UZB,2013
996,BRA,Growing rice industry,GMB,0.0,UZB,2013
997,BRA,"Growing vegetables, roots, tubers industry",GMB,5.0094652970985885e-09,UZB,2013
998,BRA,Growing sugar beet and cane industry,GMB,1.9167188400457014e-07,UZB,2013
999,BRA,Growing tobacco industry,GMB,3.1764215138102565e-09,UZB,2013
1000,BRA,Growing fibre crops industry,GMB,4.4294963895412326e-07,UZB,2013
1001,BRA,Growing crops n.e.c. industry,GMB,1.9482024160673316e-08,UZB,2013
1002,BRA,Growing grapes industry,GMB,4.867842657148764e-12,UZB,2013
1003,BRA,Growing fruits and nuts industry,GMB,0.0,UZB,2013
1004,BRA,"Growing beverage crops (coffee, tea etc) industry",GMB,0.0,UZB,2013
1005,BRA,"Growing spices, aromatic, drug and pharmaceutical crops industry",GMB,1.1384579982066194e-10,UZB,2013
1006,BRA,Seeds and plant propagation industry,GMB,0.0,UZB,2013
1007,BRA,Raising of cattle industry,GMB,3.302276520259348e-07,UZB,2013
1008,BRA,Growing wheat industry,GNQ,1.605549553401005e-05,UZB,2013
1009,BRA,Growing maize industry,GNQ,5.900506032264461e-05,UZB,2013
1010,BRA,Growing cereals n.e.c industry,GNQ,7.559033831005524e-07,UZB,2013
1011,BRA,Growing leguminous crops and oil seeds industry,GNQ,0.00042559142497535396,UZB,2013
1012,BRA,Growing rice industry,GNQ,0.0,UZB,2013
1013,BRA,"Growing vegetables, roots, tubers industry",GNQ,9.698142919094359e-08,UZB,2013
1014,BRA,Growing sugar beet and cane industry,GNQ,3.139954455577799e-06,UZB,2013
1015,BRA,Growing tobacco industry,GNQ,6.739960513531943e-08,UZB,2013
1016,BRA,Growing fibre crops industry,GNQ,7.438459301268331e-06,UZB,2013
1017,BRA,Growing crops n.e.c. industry,GNQ,2.4393278220178026e-07,UZB,2013
1018,BRA,Growing grapes industry,GNQ,9.042677354482074e-11,UZB,2013
1019,BRA,Growing fruits and nuts industry,GNQ,0.0,UZB,2013
1020,BRA,"Growing beverage crops (coffee, tea etc) industry",GNQ,0.0,UZB,2013
1021,BRA,"Growing spices, aromatic, drug and pharmaceutical crops industry",GNQ,2.0900677503803725e-09,UZB,2013
1022,BRA,Seeds and plant propagation industry,GNQ,0.0,UZB,2013
1023,BRA,Raising of cattle industry,GNQ,5.3920481337616455e-06,UZB,2013
1024,BRA,Growing wheat industry,GRC,0.00022876213468120353,UZB,2013
1025,BRA,Growing maize industry,GRC,0.0009364707292232327,UZB,2013
1026,BRA,Growing cereals n.e.c industry,GRC,9.373415277249586e-06,UZB,2013
1027,BRA,Growing leguminous crops and oil seeds industry,GRC,0.007199090720702101,UZB,2013
1028,BRA,Growing rice industry,GRC,0.0,UZB,2013
1029,BRA,"Growing vegetables, roots, tubers industry",GRC,1.1540087633933776e-06,UZB,2013
1030,BRA,Growing sugar beet and cane industry,GRC,3.964735961156361e-05,UZB,2013
1031,BRA,Growing tobacco industry,GRC,5.285447314761208e-06,UZB,2013
1032,BRA,Growing fibre crops industry,GRC,0.00010113526179364202,UZB,2013
1033,BRA,Growing crops n.e.c. industry,GRC,3.3916933061188943e-06,UZB,2013
1034,BRA,Growing grapes industry,GRC,1.1107692428809452e-09,UZB,2013
1035,BRA,Growing fruits and nuts industry,GRC,0.0,UZB,2013
1036,BRA,"Growing beverage crops (coffee, tea etc) industry",GRC,0.0,UZB,2013
1037,BRA,"Growing spices, aromatic, drug and pharmaceutical crops industry",GRC,2.7435685844983227e-08,UZB,2013
1038,BRA,Seeds and plant propagation industry,GRC,0.0,UZB,2013
1039,BRA,Raising of cattle industry,GRC,6.925901642636436e-05,UZB,2013
1040,BRA,Growing wheat industry,GTM,2.0136889299905906e-05,UZB,2013
1041,BRA,Growing maize industry,GTM,7.831287446202923e-05,UZB,2013
1042,BRA,Growing cereals n.e.c industry,GTM,9.220655783262939e-07,UZB,2013
1043,BRA,Growing leguminous crops and oil seeds industry,GTM,0.0006618455307425801,UZB,2013
1044,BRA,Growing rice industry,GTM,0.0,UZB,2013
1045,BRA,"Growing vegetables, roots, tubers industry",GTM,1.164625813907895e-07,UZB,2013
1046,BRA,Growing sugar beet and cane industry,GTM,3.855426024755786e-06,UZB,2013
1047,BRA,Growing tobacco industry,GTM,8.371932065758428e-08,UZB,2013
1048,BRA,Growing fibre crops industry,GTM,9.045448092026072e-06,UZB,2013
1049,BRA,Growing crops n.e.c. industry,GTM,3.4293182545189453e-07,UZB,2013
1050,BRA,Growing grapes industry,GTM,1.1277940160873406e-10,UZB,2013
1051,BRA,Growing fruits and nuts industry,GTM,0.0,UZB,2013
1052,BRA,"Growing beverage crops (coffee, tea etc) industry",GTM,0.0,UZB,2013
1053,BRA,"Growing spices, aromatic, drug and pharmaceutical crops industry",GTM,2.307011555699362e-09,UZB,2013
1054,BRA,Seeds and plant propagation industry,GTM,0.0,UZB,2013
1055,BRA,Raising of cattle industry,GTM,6.4874419684684835e-06,UZB,2013
1056,BRA,Growing wheat industry,HND,1.225459633147879e-05,UZB,2013
1057,BRA,Growing maize industry,HND,4.402159703212546e-05,UZB,2013
1058,BRA,Growing cereals n.e.c industry,HND,6.111077897729301e-07,UZB,2013
1059,BRA,Growing leguminous crops and oil seeds industry,HND,0.00034529798609392564,UZB,2013
1060,BRA,Growing rice industry,HND,0.0,UZB,2013
1061,BRA,"Growing vegetables, roots, tubers industry",HND,7.490743395390168e-08,UZB,2013
1062,BRA,Growing sugar beet and cane industry,HND,2.491659895026652e-06,UZB,2013
1063,BRA,Growing tobacco industry,HND,5.000854550228576e-08,UZB,2013
1064,BRA,Growing fibre crops industry,HND,5.118982978186699e-06,UZB,2013
1065,BRA,Growing crops n.e.c. industry,HND,2.1370272274312844e-07,UZB,2013
1066,BRA,Growing grapes industry,HND,6.690715916652253e-11,UZB,2013
1067,BRA,Growing fruits and nuts industry,HND,0.0,UZB,2013
1068,BRA,"Growing beverage crops (coffee, tea etc) industry",HND,0.0,UZB,2013
1069,BRA,"Growing spices, aromatic, drug and pharmaceutical crops industry",HND,1.3185240929587795e-09,UZB,2013
1070,BRA,Seeds and plant propagation industry,HND,0.0,UZB,2013
1071,BRA,Raising of cattle industry,HND,4.0631652972090995e-06,UZB,2013
1072,BRA,Growing wheat industry,HKG,0.0015545642988746796,UZB,2013
1073,BRA,Growing maize industry,HKG,0.004885218549584123,UZB,2013
1074,BRA,Growing cereals n.e.c industry,HKG,6.0788015680394084e-05,UZB,2013
1075,BRA,Growing leguminous crops and oil seeds industry,HKG,0.06057090997594988,UZB,2013
1076,BRA,Growing rice industry,HKG,0.0,UZB,2013
1077,BRA,"Growing vegetables, roots, tubers industry",HKG,1.5993099575300805e-05,UZB,2013
1078,BRA,Growing sugar beet and cane industry,HKG,0.0002438162143444129,UZB,2013
1079,BRA,Growing tobacco industry,HKG,9.618724711339335e-06,UZB,2013
1080,BRA,Growing fibre crops industry,HKG,0.0008790463444848355,UZB,2013
1081,BRA,Growing crops n.e.c. industry,HKG,1.9926001622847268e-05,UZB,2013
1082,BRA,Growing grapes industry,HKG,9.830619746101394e-09,UZB,2013
1083,BRA,Growing fruits and nuts industry,HKG,0.0,UZB,2013
1084,BRA,"Growing beverage crops (coffee, tea etc) industry",HKG,0.0,UZB,2013
1085,BRA,"Growing spices, aromatic, drug and pharmaceutical crops industry",HKG,1.7797833949672833e-07,UZB,2013
1086,BRA,Seeds and plant propagation industry,HKG,0.0,UZB,2013
1087,BRA,Raising of cattle industry,HKG,0.00040086663630606664,UZB,2013
1088,BRA,Growing wheat industry,HRV,5.3202725584326695e-05,UZB,2013
1089,BRA,Growing maize industry,HRV,0.00019438683387830387,UZB,2013
1090,BRA,Growing cereals n.e.c industry,HRV,2.1911597424019067e-06,UZB,2013
1091,BRA,Growing leguminous crops and oil seeds industry,HRV,0.002219088677938192,UZB,2013
1092,BRA,Growing rice industry,HRV,0.0,UZB,2013
1093,BRA,"Growing vegetables, roots, tubers industry",HRV,2.328953366552736e-07,UZB,2013
1094,BRA,Growing sugar beet and cane industry,HRV,8.940955009355038e-06,UZB,2013
1095,BRA,Growing tobacco industry,HRV,1.5605635333719912e-07,UZB,2013
1096,BRA,Growing fibre crops industry,HRV,2.1707600482599023e-05,UZB,2013
1097,BRA,Growing crops n.e.c. industry,HRV,8.39605026141709e-07,UZB,2013
1098,BRA,Growing grapes industry,HRV,2.2972739871727804e-10,UZB,2013
1099,BRA,Growing fruits and nuts industry,HRV,0.0,UZB,2013
1100,BRA,"Growing beverage crops (coffee, tea etc) industry",HRV,0.0,UZB,2013
1101,BRA,"Growing spices, aromatic, drug and pharmaceutical crops industry",HRV,5.422227826017015e-09,UZB,2013
1102,BRA,Seeds and plant propagation industry,HRV,0.0,UZB,2013
1103,BRA,Raising of cattle industry,HRV,1.71587962710893e-05,UZB,2013
1104,BRA,Growing wheat industry,HTI,5.090514237205177e-06,UZB,2013
1105,BRA,Growing maize industry,HTI,1.8273295558328425e-05,UZB,2013
1106,BRA,Growing cereals n.e.c industry,HTI,2.083534173731374e-07,UZB,2013
1107,BRA,Growing leguminous crops and oil seeds industry,HTI,0.00016220554575960532,UZB,2013
1108,BRA,Growing rice industry,HTI,0.0,UZB,2013
1109,BRA,"Growing vegetables, roots, tubers industry",HTI,2.3704329845593002e-08,UZB,2013
1110,BRA,Growing sugar beet and cane industry,HTI,8.486986069303249e-07,UZB,2013
1111,BRA,Growing tobacco industry,HTI,1.6279808003054185e-08,UZB,2013
1112,BRA,Growing fibre crops industry,HTI,2.2542876654734154e-06,UZB,2013
1113,BRA,Growing crops n.e.c. industry,HTI,8.361638164842125e-08,UZB,2013
1114,BRA,Growing grapes industry,HTI,2.2643208670775143e-11,UZB,2013
1115,BRA,Growing fruits and nuts industry,HTI,0.0,UZB,2013
1116,BRA,"Growing beverage crops (coffee, tea etc) industry",HTI,0.0,UZB,2013
1117,BRA,"Growing spices, aromatic, drug and pharmaceutical crops industry",HTI,5.192234302932993e-10,UZB,2013
1118,BRA,Seeds and plant propagation industry,HTI,0.0,UZB,2013
1119,BRA,Raising of cattle industry,HTI,1.5564607163323233e-06,UZB,2013
1120,BRA,Growing wheat industry,HUN,0.0010293552519974954,UZB,2013
1121,BRA,Growing maize industry,HUN,0.0023944754278594003,UZB,2013
1122,BRA,Growing cereals n.e.c industry,HUN,3.126663366281691e-05,UZB,2013
1123,BRA,Growing leguminous crops and oil seeds industry,HUN,0.010173141988655768,UZB,2013
1124,BRA,Growing rice industry,HUN,0.0,UZB,2013
1125,BRA,"Growing vegetables, roots, tubers industry",HUN,2.061089079739691e-06,UZB,2013
1126,BRA,Growing sugar beet and cane industry,HUN,0.00012800747236530897,UZB,2013
1127,BRA,Growing tobacco industry,HUN,1.5465779598502901e-06,UZB,2013
1128,BRA,Growing fibre crops industry,HUN,0.00011901243133117937,UZB,2013
1129,BRA,Growing crops n.e.c. industry,HUN,2.0741266104158765e-05,UZB,2013
1130,BRA,Growing grapes industry,HUN,2.356688409512225e-09,UZB,2013
1131,BRA,Growing fruits and nuts industry,HUN,0.0,UZB,2013
1132,BRA,"Growing beverage crops (coffee, tea etc) industry",HUN,0.0,UZB,2013
1133,BRA,"Growing spices, aromatic, drug and pharmaceutical crops industry",HUN,3.885510289381972e-08,UZB,2013
1134,BRA,Seeds and plant propagation industry,HUN,0.0,UZB,2013
1135,BRA,Raising of cattle industry,HUN,0.0002210916320160018,UZB,2013
1136,BRA,Growing wheat industry,IDN,0.009529345655886213,UZB,2013
1137,BRA,Growing maize industry,IDN,0.017969662485990166,UZB,2013
1138,BRA,Growing cereals n.e.c industry,IDN,0.00023284452832488184,UZB,2013
1139,BRA,Growing leguminous crops and oil seeds industry,IDN,0.06771584412988065,UZB,2013
1140,BRA,Growing rice industry,IDN,0.0,UZB,2013
1141,BRA,"Growing vegetables, roots, tubers industry",IDN,8.217182245264948e-06,UZB,2013
1142,BRA,Growing sugar beet and cane industry,IDN,0.0009524557838326229,UZB,2013
1143,BRA,Growing tobacco industry,IDN,4.957554472252336e-06,UZB,2013
1144,BRA,Growing fibre crops industry,IDN,0.0005834206273503701,UZB,2013
1145,BRA,Growing crops n.e.c. industry,IDN,0.00018599110276060012,UZB,2013
1146,BRA,Growing grapes industry,IDN,1.0667050106103794e-08,UZB,2013
1147,BRA,Growing fruits and nuts industry,IDN,0.0,UZB,2013
1148,BRA,"Growing beverage crops (coffee, tea etc) industry",IDN,0.0,UZB,2013
1149,BRA,"Growing spices, aromatic, drug and pharmaceutical crops industry",IDN,1.2214060180317587e-07,UZB,2013
1150,BRA,Seeds and plant propagation industry,IDN,0.0,UZB,2013
1151,BRA,Raising of cattle industry,IDN,0.0018570448706515166,UZB,2013
1152,BRA,Growing wheat industry,IND,0.004156013204419675,UZB,2013
1153,BRA,Growing maize industry,IND,0.019016257923120384,UZB,2013
1154,BRA,Growing cereals n.e.c industry,IND,0.00014582908505536863,UZB,2013
1155,BRA,Growing leguminous crops and oil seeds industry,IND,0.07800021300664589,UZB,2013
1156,BRA,Growing rice industry,IND,0.0,UZB,2013
1157,BRA,"Growing vegetables, roots, tubers industry",IND,1.3785433750788694e-05,UZB,2013
1158,BRA,Growing sugar beet and cane industry,IND,0.0006270257698865702,UZB,2013
1159,BRA,Growing tobacco industry,IND,8.903972547314233e-06,UZB,2013
1160,BRA,Growing fibre crops industry,IND,0.0010819169893617558,UZB,2013
1161,BRA,Growing crops n.e.c. industry,IND,6.974718805887673e-05,UZB,2013
1162,BRA,Growing grapes industry,IND,1.3622794424015074e-08,UZB,2013
1163,BRA,Growing fruits and nuts industry,IND,0.0,UZB,2013
1164,BRA,"Growing beverage crops (coffee, tea etc) industry",IND,0.0,UZB,2013
1165,BRA,"Growing spices, aromatic, drug and pharmaceutical crops industry",IND,2.9637479904311503e-07,UZB,2013
1166,BRA,Seeds and plant propagation industry,IND,0.0,UZB,2013
1167,BRA,Raising of cattle industry,IND,0.001072249769066267,UZB,2013
1168,BRA,Growing wheat industry,IRL,0.00017303582179324607,UZB,2013
1169,BRA,Growing maize industry,IRL,0.0005611350186318066,UZB,2013
1170,BRA,Growing cereals n.e.c industry,IRL,5.756866202935301e-06,UZB,2013
1171,BRA,Growing leguminous crops and oil seeds industry,IRL,0.01391593411424072,UZB,2013
1172,BRA,Growing rice industry,IRL,0.0,UZB,2013
1173,BRA,"Growing vegetables, roots, tubers industry",IRL,8.255356821367438e-07,UZB,2013
1174,BRA,Growing sugar beet and cane industry,IRL,2.5502147080255643e-05,UZB,2013
1175,BRA,Growing tobacco industry,IRL,5.197594314300036e-07,UZB,2013
1176,BRA,Growing fibre crops industry,IRL,5.549076820296688e-05,UZB,2013
1177,BRA,Growing crops n.e.c. industry,IRL,1.850306264582813e-06,UZB,2013
1178,BRA,Growing grapes industry,IRL,8.31583125991853e-10,UZB,2013
1179,BRA,Growing fruits and nuts industry,IRL,0.0,UZB,2013
1180,BRA,"Growing beverage crops (coffee, tea etc) industry",IRL,0.0,UZB,2013
1181,BRA,"Growing spices, aromatic, drug and pharmaceutical crops industry",IRL,1.4864994185636941e-08,UZB,2013
1182,BRA,Seeds and plant propagation industry,IRL,0.0,UZB,2013
1183,BRA,Raising of cattle industry,IRL,4.725187640627361e-05,UZB,2013
1184,BRA,Growing wheat industry,IRN,0.00877583805069845,UZB,2013
1185,BRA,Growing maize industry,IRN,0.016799660059928997,UZB,2013
1186,BRA,Growing cereals n.e.c industry,IRN,0.00029148466053030743,UZB,2013
1187,BRA,Growing leguminous crops and oil seeds industry,IRN,0.6578521230609113,UZB,2013
1188,BRA,Growing rice industry,IRN,0.0,UZB,2013
1189,BRA,"Growing vegetables, roots, tubers industry",IRN,1.985330111661607e-05,UZB,2013
1190,BRA,Growing sugar beet and cane industry,IRN,0.0011469882198855011,UZB,2013
1191,BRA,Growing tobacco industry,IRN,1.0813867523472653e-05,UZB,2013
1192,BRA,Growing fibre crops industry,IRN,0.0026285996615505614,UZB,2013
1193,BRA,Growing crops n.e.c. industry,IRN,0.00012452484676338368,UZB,2013
1194,BRA,Growing grapes industry,IRN,2.5286548222879725e-08,UZB,2013
1195,BRA,Growing fruits and nuts industry,IRN,0.0,UZB,2013
1196,BRA,"Growing beverage crops (coffee, tea etc) industry",IRN,0.0,UZB,2013
1197,BRA,"Growing spices, aromatic, drug and pharmaceutical crops industry",IRN,5.342088002915517e-07,UZB,2013
1198,BRA,Seeds and plant propagation industry,IRN,0.0,UZB,2013
1199,BRA,Raising of cattle industry,IRN,0.0025974750062640398,UZB,2013
1200,BRA,Growing wheat industry,IRQ,0.0006586598614143193,UZB,2013
1201,BRA,Growing maize industry,IRQ,0.003072265905087647,UZB,2013
1202,BRA,Growing cereals n.e.c industry,IRQ,2.6222409493842878e-05,UZB,2013
1203,BRA,Growing leguminous crops and oil seeds industry,IRQ,0.017753299272066387,UZB,2013
1204,BRA,Growing rice industry,IRQ,0.0,UZB,2013
1205,BRA,"Growing vegetables, roots, tubers industry",IRQ,1.758738165517353e-06,UZB,2013
1206,BRA,Growing sugar beet and cane industry,IRQ,0.0001336001838215616,UZB,2013
1207,BRA,Growing tobacco industry,IRQ,1.3290705151871475e-06,UZB,2013
1208,BRA,Growing fibre crops industry,IRQ,0.0001387717057765335,UZB,2013
1209,BRA,Growing crops n.e.c. industry,IRQ,1.1740003394645662e-05,UZB,2013
1210,BRA,Growing grapes industry,IRQ,2.1366345216080455e-09,UZB,2013
1211,BRA,Growing fruits and nuts industry,IRQ,0.0,UZB,2013
1212,BRA,"Growing beverage crops (coffee, tea etc) industry",IRQ,0.0,UZB,2013
1213,BRA,"Growing spices, aromatic, drug and pharmaceutical crops industry",IRQ,3.684745904368589e-08,UZB,2013
1214,BRA,Seeds and plant propagation industry,IRQ,0.0,UZB,2013
1215,BRA,Raising of cattle industry,IRQ,0.00017824502693374088,UZB,2013
1216,BRA,Growing wheat industry,ISL,7.551144605682544e-06,UZB,2013
1217,BRA,Growing maize industry,ISL,3.6016093058101266e-05,UZB,2013
1218,BRA,Growing cereals n.e.c industry,ISL,3.1019225969884696e-07,UZB,2013
1219,BRA,Growing leguminous crops and oil seeds industry,ISL,0.00028000934795031766,UZB,2013
1220,BRA,Growing rice industry,ISL,0.0,UZB,2013
1221,BRA,"Growing vegetables, roots, tubers industry",ISL,4.1214927086054916e-08,UZB,2013
1222,BRA,Growing sugar beet and cane industry,ISL,1.327321275427675e-06,UZB,2013
1223,BRA,Growing tobacco industry,ISL,2.7102824594307407e-08,UZB,2013
1224,BRA,Growing fibre crops industry,ISL,3.0693485669676638e-06,UZB,2013
1225,BRA,Growing crops n.e.c. industry,ISL,1.0991075764217852e-07,UZB,2013
1226,BRA,Growing grapes industry,ISL,3.685667147309758e-11,UZB,2013
1227,BRA,Growing fruits and nuts industry,ISL,0.0,UZB,2013
1228,BRA,"Growing beverage crops (coffee, tea etc) industry",ISL,0.0,UZB,2013
1229,BRA,"Growing spices, aromatic, drug and pharmaceutical crops industry",ISL,7.849138897816508e-10,UZB,2013
1230,BRA,Seeds and plant propagation industry,ISL,0.0,UZB,2013
1231,BRA,Raising of cattle industry,ISL,2.224920503114651e-06,UZB,2013
1232,BRA,Growing wheat industry,ISR,0.0002797087106707432,UZB,2013
1233,BRA,Growing maize industry,ISR,0.0011745552488295994,UZB,2013
1234,BRA,Growing cereals n.e.c industry,ISR,1.5982186757635907e-05,UZB,2013
1235,BRA,Growing leguminous crops and oil seeds industry,ISR,0.01285783548840115,UZB,2013
1236,BRA,Growing rice industry,ISR,0.0,UZB,2013
1237,BRA,"Growing vegetables, roots, tubers industry",ISR,1.8900957090363662e-06,UZB,2013
1238,BRA,Growing sugar beet and cane industry,ISR,6.512592807578771e-05,UZB,2013
1239,BRA,Growing tobacco industry,ISR,6.682632647131369e-06,UZB,2013
1240,BRA,Growing fibre crops industry,ISR,0.0001397791620489255,UZB,2013
1241,BRA,Growing crops n.e.c. industry,ISR,4.11382205176789e-06,UZB,2013
1242,BRA,Growing grapes industry,ISR,1.8952787525272495e-09,UZB,2013
1243,BRA,Growing fruits and nuts industry,ISR,0.0,UZB,2013
1244,BRA,"Growing beverage crops (coffee, tea etc) industry",ISR,0.0,UZB,2013
1245,BRA,"Growing spices, aromatic, drug and pharmaceutical crops industry",ISR,3.807375965464755e-08,UZB,2013
1246,BRA,Seeds and plant propagation industry,ISR,0.0,UZB,2013
1247,BRA,Raising of cattle industry,ISR,0.00012042547108363318,UZB,2013
1248,BRA,Growing wheat industry,ITA,0.0016979347775920412,UZB,2013
1249,BRA,Growing maize industry,ITA,0.006116345846759454,UZB,2013
1250,BRA,Growing cereals n.e.c industry,ITA,6.291617389459594e-05,UZB,2013
1251,BRA,Growing leguminous crops and oil seeds industry,ITA,0.053931631832822624,UZB,2013
1252,BRA,Growing rice industry,ITA,0.0,UZB,2013
1253,BRA,"Growing vegetables, roots, tubers industry",ITA,6.441647977968457e-06,UZB,2013
1254,BRA,Growing sugar beet and cane industry,ITA,0.00026175708426370826,UZB,2013
1255,BRA,Growing tobacco industry,ITA,4.19930432237577e-06,UZB,2013
1256,BRA,Growing fibre crops industry,ITA,0.0005786140277183092,UZB,2013
1257,BRA,Growing crops n.e.c. industry,ITA,2.832516821507584e-05,UZB,2013
1258,BRA,Growing grapes industry,ITA,6.404362427004526e-09,UZB,2013
1259,BRA,Growing fruits and nuts industry,ITA,0.0,UZB,2013
1260,BRA,"Growing beverage crops (coffee, tea etc) industry",ITA,0.0,UZB,2013
1261,BRA,"Growing spices, aromatic, drug and pharmaceutical crops industry",ITA,1.4009085285160197e-07,UZB,2013
1262,BRA,Seeds and plant propagation industry,ITA,0.0,UZB,2013
1263,BRA,Raising of cattle industry,ITA,0.0004785029849254078,UZB,2013
1264,BRA,Growing wheat industry,JAM,5.789857996619772e-06,UZB,2013
1265,BRA,Growing maize industry,JAM,2.3149368983345493e-05,UZB,2013
1266,BRA,Growing cereals n.e.c industry,JAM,2.6610978022771987e-07,UZB,2013
1267,BRA,Growing leguminous crops and oil seeds industry,JAM,0.0001874755464507026,UZB,2013
1268,BRA,Growing rice industry,JAM,0.0,UZB,2013
1269,BRA,"Growing vegetables, roots, tubers industry",JAM,4.097191859776167e-08,UZB,2013
1270,BRA,Growing sugar beet and cane industry,JAM,1.105036839685754e-06,UZB,2013
1271,BRA,Growing tobacco industry,JAM,2.562373883178824e-08,UZB,2013
1272,BRA,Growing fibre crops industry,JAM,2.790260314230834e-06,UZB,2013
1273,BRA,Growing crops n.e.c. industry,JAM,8.995375596909272e-08,UZB,2013
1274,BRA,Growing grapes industry,JAM,3.46647888427182e-11,UZB,2013
1275,BRA,Growing fruits and nuts industry,JAM,0.0,UZB,2013
1276,BRA,"Growing beverage crops (coffee, tea etc) industry",JAM,0.0,UZB,2013
1277,BRA,"Growing spices, aromatic, drug and pharmaceutical crops industry",JAM,7.028402514785662e-10,UZB,2013
1278,BRA,Seeds and plant propagation industry,JAM,0.0,UZB,2013
1279,BRA,Raising of cattle industry,JAM,1.8681206903766155e-06,UZB,2013
1280,BRA,Growing wheat industry,JOR,5.8111397570815814e-05,UZB,2013
1281,BRA,Growing maize industry,JOR,0.0002128643048849805,UZB,2013
1282,BRA,Growing cereals n.e.c industry,JOR,2.249529603908366e-06,UZB,2013
1283,BRA,Growing leguminous crops and oil seeds industry,JOR,0.0010727904671699227,UZB,2013
1284,BRA,Growing rice industry,JOR,0.0,UZB,2013
1285,BRA,"Growing vegetables, roots, tubers industry",JOR,3.223834782128478e-07,UZB,2013
1286,BRA,Growing sugar beet and cane industry,JOR,1.120162710649188e-05,UZB,2013
1287,BRA,Growing tobacco industry,JOR,2.5787575993093103e-07,UZB,2013
1288,BRA,Growing fibre crops industry,JOR,1.6329952487561617e-05,UZB,2013
1289,BRA,Growing crops n.e.c. industry,JOR,8.315059628716559e-07,UZB,2013
1290,BRA,Growing grapes industry,JOR,2.8667219631590566e-10,UZB,2013
1291,BRA,Growing fruits and nuts industry,JOR,0.0,UZB,2013
1292,BRA,"Growing beverage crops (coffee, tea etc) industry",JOR,0.0,UZB,2013
1293,BRA,"Growing spices, aromatic, drug and pharmaceutical crops industry",JOR,5.4442025407491825e-09,UZB,2013
1294,BRA,Seeds and plant propagation industry,JOR,0.0,UZB,2013
1295,BRA,Raising of cattle industry,JOR,1.6944608431015557e-05,UZB,2013
1296,BRA,Growing wheat industry,JPN,0.0042766796339175316,UZB,2013
1297,BRA,Growing maize industry,JPN,0.016222799068141523,UZB,2013
1298,BRA,Growing cereals n.e.c industry,JPN,0.00017347442261842318,UZB,2013
1299,BRA,Growing leguminous crops and oil seeds industry,JPN,0.12155999765361258,UZB,2013
1300,BRA,Growing rice industry,JPN,0.0,UZB,2013
1301,BRA,"Growing vegetables, roots, tubers industry",JPN,2.4784621659186248e-05,UZB,2013
1302,BRA,Growing sugar beet and cane industry,JPN,0.0007208948358287269,UZB,2013
1303,BRA,Growing tobacco industry,JPN,1.5183107814024566e-05,UZB,2013
1304,BRA,Growing fibre crops industry,JPN,0.0019193373493547549,UZB,2013
1305,BRA,Growing crops n.e.c. industry,JPN,6.089175761103527e-05,UZB,2013
1306,BRA,Growing grapes industry,JPN,2.1896985495882402e-08,UZB,2013
1307,BRA,Growing fruits and nuts industry,JPN,0.0,UZB,2013
1308,BRA,"Growing beverage crops (coffee, tea etc) industry",JPN,0.0,UZB,2013
1309,BRA,"Growing spices, aromatic, drug and pharmaceutical crops industry",JPN,5.205226088150045e-07,UZB,2013
1310,BRA,Seeds and plant propagation industry,JPN,0.0,UZB,2013
1311,BRA,Raising of cattle industry,JPN,0.0012633002119555713,UZB,2013
1312,BRA,Growing wheat industry,KAZ,0.00566487189607236,UZB,2013
1313,BRA,Growing maize industry,KAZ,0.05320709861068116,UZB,2013
1314,BRA,Growing cereals n.e.c industry,KAZ,0.0002752764576473733,UZB,2013
1315,BRA,Growing leguminous crops and oil seeds industry,KAZ,0.29964888590642286,UZB,2013
1316,BRA,Growing rice industry,KAZ,0.0,UZB,2013
1317,BRA,"Growing vegetables, roots, tubers industry",KAZ,4.6131796984765234e-05,UZB,2013
1318,BRA,Growing sugar beet and cane industry,KAZ,0.0018457489328959887,UZB,2013
1319,BRA,Growing tobacco industry,KAZ,0.003963251701415408,UZB,2013
1320,BRA,Growing fibre crops industry,KAZ,0.002108736958086792,UZB,2013
1321,BRA,Growing crops n.e.c. industry,KAZ,6.94845702966478e-05,UZB,2013
1322,BRA,Growing grapes industry,KAZ,4.068388413327243e-08,UZB,2013
1323,BRA,Growing fruits and nuts industry,KAZ,0.0,UZB,2013
1324,BRA,"Growing beverage crops (coffee, tea etc) industry",KAZ,0.0,UZB,2013
1325,BRA,"Growing spices, aromatic, drug and pharmaceutical crops industry",KAZ,8.138777023043478e-07,UZB,2013
1326,BRA,Seeds and plant propagation industry,KAZ,0.0,UZB,2013
1327,BRA,Raising of cattle industry,KAZ,0.0019424143417929118,UZB,2013
1328,BRA,Growing wheat industry,KEN,0.000106252192063651,UZB,2013
1329,BRA,Growing maize industry,KEN,0.0002915313270236814,UZB,2013
1330,BRA,Growing cereals n.e.c industry,KEN,4.759265367223492e-06,UZB,2013
1331,BRA,Growing leguminous crops and oil seeds industry,KEN,0.0018015197042691113,UZB,2013
1332,BRA,Growing rice industry,KEN,0.0,UZB,2013
1333,BRA,"Growing vegetables, roots, tubers industry",KEN,3.461398550273677e-07,UZB,2013
1334,BRA,Growing sugar beet and cane industry,KEN,1.8414742329862795e-05,UZB,2013
1335,BRA,Growing tobacco industry,KEN,2.512506023213992e-07,UZB,2013
1336,BRA,Growing fibre crops industry,KEN,2.6256092403491997e-05,UZB,2013
1337,BRA,Growing crops n.e.c. industry,KEN,2.127140603007643e-06,UZB,2013
1338,BRA,Growing grapes industry,KEN,3.805196797555517e-10,UZB,2013
1339,BRA,Growing fruits and nuts industry,KEN,0.0,UZB,2013
1340,BRA,"Growing beverage crops (coffee, tea etc) industry",KEN,0.0,UZB,2013
1341,BRA,"Growing spices, aromatic, drug and pharmaceutical crops industry",KEN,7.0745016099472774e-09,UZB,2013
1342,BRA,Seeds and plant propagation industry,KEN,0.0,UZB,2013
1343,BRA,Raising of cattle industry,KEN,3.124967056285424e-05,UZB,2013
1344,BRA,Growing wheat industry,KGZ,0.0004309662780136187,UZB,2013
1345,BRA,Growing maize industry,KGZ,0.001387747032314234,UZB,2013
1346,BRA,Growing cereals n.e.c industry,KGZ,1.549337924158393e-05,UZB,2013
1347,BRA,Growing leguminous crops and oil seeds industry,KGZ,0.026972578796952806,UZB,2013
1348,BRA,Growing rice industry,KGZ,0.0,UZB,2013
1349,BRA,"Growing vegetables, roots, tubers industry",KGZ,1.6826412167509824e-06,UZB,2013
1350,BRA,Growing sugar beet and cane industry,KGZ,6.834840469291102e-05,UZB,2013
1351,BRA,Growing tobacco industry,KGZ,6.43087601788286e-05,UZB,2013
1352,BRA,Growing fibre crops industry,KGZ,0.00019976868084833235,UZB,2013
1353,BRA,Growing crops n.e.c. industry,KGZ,5.823290932207818e-06,UZB,2013
1354,BRA,Growing grapes industry,KGZ,1.7209571324280175e-09,UZB,2013
1355,BRA,Growing fruits and nuts industry,KGZ,0.0,UZB,2013
1356,BRA,"Growing beverage crops (coffee, tea etc) industry",KGZ,0.0,UZB,2013
1357,BRA,"Growing spices, aromatic, drug and pharmaceutical crops industry",KGZ,4.674555953222895e-08,UZB,2013
1358,BRA,Seeds and plant propagation industry,KGZ,0.0,UZB,2013
1359,BRA,Raising of cattle industry,KGZ,0.00014876939048516133,UZB,2013
1360,BRA,Growing wheat industry,KHM,5.9814077001125094e-05,UZB,2013
1361,BRA,Growing maize industry,KHM,0.00015767181496646686,UZB,2013
1362,BRA,Growing cereals n.e.c industry,KHM,2.719421467423377e-06,UZB,2013
1363,BRA,Growing leguminous crops and oil seeds industry,KHM,0.0010958488006542592,UZB,2013
1364,BRA,Growing rice industry,KHM,0.0,UZB,2013
1365,BRA,"Growing vegetables, roots, tubers industry",KHM,3.107234730607555e-07,UZB,2013
1366,BRA,Growing sugar beet and cane industry,KHM,1.096855599744076e-05,UZB,2013
1367,BRA,Growing tobacco industry,KHM,2.0028595860671435e-07,UZB,2013
1368,BRA,Growing fibre crops industry,KHM,1.7787551128765537e-05,UZB,2013
1369,BRA,Growing crops n.e.c. industry,KHM,9.930057948819598e-07,UZB,2013
1370,BRA,Growing grapes industry,KHM,3.0989469950108053e-10,UZB,2013
1371,BRA,Growing fruits and nuts industry,KHM,0.0,UZB,2013
1372,BRA,"Growing beverage crops (coffee, tea etc) industry",KHM,0.0,UZB,2013
1373,BRA,"Growing spices, aromatic, drug and pharmaceutical crops industry",KHM,5.652094019580239e-09,UZB,2013
1374,BRA,Seeds and plant propagation industry,KHM,0.0,UZB,2013
1375,BRA,Raising of cattle industry,KHM,1.8564317167995644e-05,UZB,2013
1376,BRA,Growing wheat industry,KOR,0.0036462744870858904,UZB,2013
1377,BRA,Growing maize industry,KOR,0.01230307354017835,UZB,2013
1378,BRA,Growing cereals n.e.c industry,KOR,0.00015325284762951754,UZB,2013
1379,BRA,Growing leguminous crops and oil seeds industry,KOR,0.11834470353634692,UZB,2013
1380,BRA,Growing rice industry,KOR,0.0,UZB,2013
1381,BRA,"Growing vegetables, roots, tubers industry",KOR,3.313271106514421e-05,UZB,2013
1382,BRA,Growing sugar beet and cane industry,KOR,0.0006357722748921756,UZB,2013
1383,BRA,Growing tobacco industry,KOR,1.8628670170227962e-05,UZB,2013
1384,BRA,Growing fibre crops industry,KOR,0.0018412561984567015,UZB,2013
1385,BRA,Growing crops n.e.c. industry,KOR,5.014026473398547e-05,UZB,2013
1386,BRA,Growing grapes industry,KOR,2.4356223840574495e-08,UZB,2013
1387,BRA,Growing fruits and nuts industry,KOR,0.0,UZB,2013
1388,BRA,"Growing beverage crops (coffee, tea etc) industry",KOR,0.0,UZB,2013
1389,BRA,"Growing spices, aromatic, drug and pharmaceutical crops industry",KOR,4.203569132052445e-07,UZB,2013
1390,BRA,Seeds and plant propagation industry,KOR,0.0,UZB,2013
1391,BRA,Raising of cattle industry,KOR,0.0010282040849962715,UZB,2013
1392,BRA,Growing wheat industry,KWT,9.242704930166689e-05,UZB,2013
1393,BRA,Growing maize industry,KWT,0.00030954822024774727,UZB,2013
1394,BRA,Growing cereals n.e.c industry,KWT,3.763233694078761e-06,UZB,2013
1395,BRA,Growing leguminous crops and oil seeds industry,KWT,0.0024392595468113146,UZB,2013
1396,BRA,Growing rice industry,KWT,0.0,UZB,2013
1397,BRA,"Growing vegetables, roots, tubers industry",KWT,4.3252025147821767e-07,UZB,2013
1398,BRA,Growing sugar beet and cane industry,KWT,1.559418209244688e-05,UZB,2013
1399,BRA,Growing tobacco industry,KWT,2.9951546671291903e-07,UZB,2013
1400,BRA,Growing fibre crops industry,KWT,3.43295336555115e-05,UZB,2013
1401,BRA,Growing crops n.e.c. industry,KWT,1.4712733276992368e-06,UZB,2013
1402,BRA,Growing grapes industry,KWT,4.120747537454965e-10,UZB,2013
1403,BRA,Growing fruits and nuts industry,KWT,0.0,UZB,2013
1404,BRA,"Growing beverage crops (coffee, tea etc) industry",KWT,0.0,UZB,2013
1405,BRA,"Growing spices, aromatic, drug and pharmaceutical crops industry",KWT,9.60212176655034e-09,UZB,2013
1406,BRA,Seeds and plant propagation industry,KWT,0.0,UZB,2013
1407,BRA,Raising of cattle industry,KWT,2.7440692970058626e-05,UZB,2013
1408,BRA,Growing wheat industry,LAO,2.0659043403234684e-05,UZB,2013
1409,BRA,Growing maize industry,LAO,8.111603331294934e-05,UZB,2013
1410,BRA,Growing cereals n.e.c industry,LAO,1.3780916789579473e-06,UZB,2013
1411,BRA,Growing leguminous crops and oil seeds industry,LAO,0.0005898301073138571,UZB,2013
1412,BRA,Growing rice industry,LAO,0.0,UZB,2013
1413,BRA,"Growing vegetables, roots, tubers industry",LAO,2.1021898955295573e-07,UZB,2013
1414,BRA,Growing sugar beet and cane industry,LAO,5.629154251156028e-06,UZB,2013
1415,BRA,Growing tobacco industry,LAO,1.2203816546526325e-07,UZB,2013
1416,BRA,Growing fibre crops industry,LAO,1.0324313307013323e-05,UZB,2013
1417,BRA,Growing crops n.e.c. industry,LAO,3.421988777982826e-07,UZB,2013
1418,BRA,Growing grapes industry,LAO,2.2509684296453155e-10,UZB,2013
1419,BRA,Growing fruits and nuts industry,LAO,0.0,UZB,2013
1420,BRA,"Growing beverage crops (coffee, tea etc) industry",LAO,0.0,UZB,2013
1421,BRA,"Growing spices, aromatic, drug and pharmaceutical crops industry",LAO,3.551878368532619e-09,UZB,2013
1422,BRA,Seeds and plant propagation industry,LAO,0.0,UZB,2013
1423,BRA,Raising of cattle industry,LAO,8.286888821487928e-06,UZB,2013
1424,BRA,Growing wheat industry,LBN,7.584793844959957e-05,UZB,2013
1425,BRA,Growing maize industry,LBN,0.0002684770721332699,UZB,2013
1426,BRA,Growing cereals n.e.c industry,LBN,3.4633520426246873e-06,UZB,2013
1427,BRA,Growing leguminous crops and oil seeds industry,LBN,0.001860818014739232,UZB,2013
1428,BRA,Growing rice industry,LBN,0.0,UZB,2013
1429,BRA,"Growing vegetables, roots, tubers industry",LBN,4.2620193467203273e-07,UZB,2013
1430,BRA,Growing sugar beet and cane industry,LBN,1.4302110437719457e-05,UZB,2013
1431,BRA,Growing tobacco industry,LBN,2.761007841509661e-07,UZB,2013
1432,BRA,Growing fibre crops industry,LBN,3.144746143862636e-05,UZB,2013
1433,BRA,Growing crops n.e.c. industry,LBN,1.298625682814208e-06,UZB,2013
1434,BRA,Growing grapes industry,LBN,4.011901801403943e-10,UZB,2013
1435,BRA,Growing fruits and nuts industry,LBN,0.0,UZB,2013
1436,BRA,"Growing beverage crops (coffee, tea etc) industry",LBN,0.0,UZB,2013
1437,BRA,"Growing spices, aromatic, drug and pharmaceutical crops industry",LBN,7.709399528782937e-09,UZB,2013
1438,BRA,Seeds and plant propagation industry,LBN,0.0,UZB,2013
1439,BRA,Raising of cattle industry,LBN,2.274680868293868e-05,UZB,2013
1440,BRA,Growing wheat industry,LBR,2.410852895129845e-06,UZB,2013
1441,BRA,Growing maize industry,LBR,9.402003884509331e-06,UZB,2013
1442,BRA,Growing cereals n.e.c industry,LBR,1.1141181984046817e-07,UZB,2013
1443,BRA,Growing leguminous crops and oil seeds industry,LBR,6.631798410630695e-05,UZB,2013
1444,BRA,Growing rice industry,LBR,0.0,UZB,2013
1445,BRA,"Growing vegetables, roots, tubers industry",LBR,1.703252387925141e-08,UZB,2013
1446,BRA,Growing sugar beet and cane industry,LBR,4.648186489056371e-07,UZB,2013
1447,BRA,Growing tobacco industry,LBR,1.0323443521611842e-08,UZB,2013
1448,BRA,Growing fibre crops industry,LBR,1.283489178646124e-06,UZB,2013
1449,BRA,Growing crops n.e.c. industry,LBR,3.3380116842312203e-08,UZB,2013
1450,BRA,Growing grapes industry,LBR,1.4864469315941676e-11,UZB,2013
1451,BRA,Growing fruits and nuts industry,LBR,0.0,UZB,2013
1452,BRA,"Growing beverage crops (coffee, tea etc) industry",LBR,0.0,UZB,2013
1453,BRA,"Growing spices, aromatic, drug and pharmaceutical crops industry",LBR,3.5353704789213415e-10,UZB,2013
1454,BRA,Seeds and plant propagation industry,LBR,0.0,UZB,2013
1455,BRA,Raising of cattle industry,LBR,7.789450330387122e-07,UZB,2013
1456,BRA,Growing wheat industry,LBY,0.00012695714196752934,UZB,2013
1457,BRA,Growing maize industry,LBY,0.00042984131826569844,UZB,2013
1458,BRA,Growing cereals n.e.c industry,LBY,5.233273974151132e-06,UZB,2013
1459,BRA,Growing leguminous crops and oil seeds industry,LBY,0.0027467562995774973,UZB,2013
1460,BRA,Growing rice industry,LBY,0.0,UZB,2013
1461,BRA,"Growing vegetables, roots, tubers industry",LBY,5.922675059958379e-07,UZB,2013
1462,BRA,Growing sugar beet and cane industry,LBY,2.1817275238241803e-05,UZB,2013
1463,BRA,Growing tobacco industry,LBY,4.272559580858363e-07,UZB,2013
1464,BRA,Growing fibre crops industry,LBY,4.912098028120433e-05,UZB,2013
1465,BRA,Growing crops n.e.c. industry,LBY,2.109891061833259e-06,UZB,2013
1466,BRA,Growing grapes industry,LBY,5.725642092598939e-10,UZB,2013
1467,BRA,Growing fruits and nuts industry,LBY,0.0,UZB,2013
1468,BRA,"Growing beverage crops (coffee, tea etc) industry",LBY,0.0,UZB,2013
1469,BRA,"Growing spices, aromatic, drug and pharmaceutical crops industry",LBY,1.399669667805387e-08,UZB,2013
1470,BRA,Seeds and plant propagation industry,LBY,0.0,UZB,2013
1471,BRA,Raising of cattle industry,LBY,3.763830477258745e-05,UZB,2013
1472,BRA,Growing wheat industry,LKA,0.0007600548122118335,UZB,2013
1473,BRA,Growing maize industry,LKA,0.0015368038319959624,UZB,2013
1474,BRA,Growing cereals n.e.c industry,LKA,2.274276804884617e-05,UZB,2013
1475,BRA,Growing leguminous crops and oil seeds industry,LKA,0.012330370391301637,UZB,2013
1476,BRA,Growing rice industry,LKA,0.0,UZB,2013
1477,BRA,"Growing vegetables, roots, tubers industry",LKA,1.004409489935174e-06,UZB,2013
1478,BRA,Growing sugar beet and cane industry,LKA,9.329829965448978e-05,UZB,2013
1479,BRA,Growing tobacco industry,LKA,1.1688038785588254e-06,UZB,2013
1480,BRA,Growing fibre crops industry,LKA,0.00010276473582572401,UZB,2013
1481,BRA,Growing crops n.e.c. industry,LKA,1.4537673841552332e-05,UZB,2013
1482,BRA,Growing grapes industry,LKA,1.3014798265299988e-09,UZB,2013
1483,BRA,Growing fruits and nuts industry,LKA,0.0,UZB,2013
1484,BRA,"Growing beverage crops (coffee, tea etc) industry",LKA,0.0,UZB,2013
1485,BRA,"Growing spices, aromatic, drug and pharmaceutical crops industry",LKA,2.214232961985034e-08,UZB,2013
1486,BRA,Seeds and plant propagation industry,LKA,0.0,UZB,2013
1487,BRA,Raising of cattle industry,LKA,0.00020273308146802745,UZB,2013
1488,BRA,Growing wheat industry,LTU,0.0014235896915683346,UZB,2013
1489,BRA,Growing maize industry,LTU,0.004629793152882086,UZB,2013
1490,BRA,Growing cereals n.e.c industry,LTU,4.126611277586337e-05,UZB,2013
1491,BRA,Growing leguminous crops and oil seeds industry,LTU,0.03585009248975812,UZB,2013
1492,BRA,Growing rice industry,LTU,0.0,UZB,2013
1493,BRA,"Growing vegetables, roots, tubers industry",LTU,1.8757556294808189e-06,UZB,2013
1494,BRA,Growing sugar beet and cane industry,LTU,0.00018323108836339628,UZB,2013
1495,BRA,Growing tobacco industry,LTU,1.039924479445592e-06,UZB,2013
1496,BRA,Growing fibre crops industry,LTU,0.0001669936980869233,UZB,2013
1497,BRA,Growing crops n.e.c. industry,LTU,2.497523491953902e-05,UZB,2013
1498,BRA,Growing grapes industry,LTU,2.4291605808091837e-09,UZB,2013
1499,BRA,Growing fruits and nuts industry,LTU,0.0,UZB,2013
1500,BRA,"Growing beverage crops (coffee, tea etc) industry",LTU,0.0,UZB,2013
1501,BRA,"Growing spices, aromatic, drug and pharmaceutical crops industry",LTU,4.2480210833376944e-08,UZB,2013
1502,BRA,Seeds and plant propagation industry,LTU,0.0,UZB,2013
1503,BRA,Raising of cattle industry,LTU,0.00031456046879724817,UZB,2013
1504,BRA,Growing wheat industry,LUX,3.4479008254621656e-05,UZB,2013
1505,BRA,Growing maize industry,LUX,0.00011866390857067896,UZB,2013
1506,BRA,Growing cereals n.e.c industry,LUX,1.2270614985383946e-06,UZB,2013
1507,BRA,Growing leguminous crops and oil seeds industry,LUX,0.0019290784371015853,UZB,2013
1508,BRA,Growing rice industry,LUX,0.0,UZB,2013
1509,BRA,"Growing vegetables, roots, tubers industry",LUX,1.3474390549869187e-07,UZB,2013
1510,BRA,Growing sugar beet and cane industry,LUX,4.937095579539552e-06,UZB,2013
1511,BRA,Growing tobacco industry,LUX,7.81088005708154e-08,UZB,2013
1512,BRA,Growing fibre crops industry,LUX,1.552171752099573e-05,UZB,2013
1513,BRA,Growing crops n.e.c. industry,LUX,4.7137768337517767e-07,UZB,2013
1514,BRA,Growing grapes industry,LUX,1.3334032065775927e-10,UZB,2013
1515,BRA,Growing fruits and nuts industry,LUX,0.0,UZB,2013
1516,BRA,"Growing beverage crops (coffee, tea etc) industry",LUX,0.0,UZB,2013
1517,BRA,"Growing spices, aromatic, drug and pharmaceutical crops industry",LUX,3.2385550764846636e-09,UZB,2013
1518,BRA,Seeds and plant propagation industry,LUX,0.0,UZB,2013
1519,BRA,Raising of cattle industry,LUX,1.0960853549328854e-05,UZB,2013
1520,BRA,Growing wheat industry,LVA,0.00020111143179321286,UZB,2013
1521,BRA,Growing maize industry,LVA,0.0008872739686421867,UZB,2013
1522,BRA,Growing cereals n.e.c industry,LVA,6.506239803789716e-06,UZB,2013
1523,BRA,Growing leguminous crops and oil seeds industry,LVA,0.015139375916220756,UZB,2013
1524,BRA,Growing rice industry,LVA,0.0,UZB,2013
1525,BRA,"Growing vegetables, roots, tubers industry",LVA,5.998052268047641e-07,UZB,2013
1526,BRA,Growing sugar beet and cane industry,LVA,2.828743406854413e-05,UZB,2013
1527,BRA,Growing tobacco industry,LVA,4.695021836423852e-07,UZB,2013
1528,BRA,Growing fibre crops industry,LVA,6.462821613402983e-05,UZB,2013
1529,BRA,Growing crops n.e.c. industry,LVA,2.6135550207016183e-06,UZB,2013
1530,BRA,Growing grapes industry,LVA,7.160718496499848e-10,UZB,2013
1531,BRA,Growing fruits and nuts industry,LVA,0.0,UZB,2013
1532,BRA,"Growing beverage crops (coffee, tea etc) industry",LVA,0.0,UZB,2013
1533,BRA,"Growing spices, aromatic, drug and pharmaceutical crops industry",LVA,1.704300934605226e-08,UZB,2013
1534,BRA,Seeds and plant propagation industry,LVA,0.0,UZB,2013
1535,BRA,Raising of cattle industry,LVA,6.0129658884090706e-05,UZB,2013
1536,BRA,Growing wheat industry,MAR,0.00016382845040459172,UZB,2013
1537,BRA,Growing maize industry,MAR,0.0004894659742679701,UZB,2013
1538,BRA,Growing cereals n.e.c industry,MAR,6.2260550042077605e-06,UZB,2013
1539,BRA,Growing leguminous crops and oil seeds industry,MAR,0.009665149622546955,UZB,2013
1540,BRA,Growing rice industry,MAR,0.0,UZB,2013
1541,BRA,"Growing vegetables, roots, tubers industry",MAR,6.974597626380048e-07,UZB,2013
1542,BRA,Growing sugar beet and cane industry,MAR,2.4521297078484596e-05,UZB,2013
1543,BRA,Growing tobacco industry,MAR,4.12332275870593e-07,UZB,2013
1544,BRA,Growing fibre crops industry,MAR,8.201467512754766e-05,UZB,2013
1545,BRA,Growing crops n.e.c. industry,MAR,2.2503161526956402e-06,UZB,2013
1546,BRA,Growing grapes industry,MAR,6.849316040613346e-10,UZB,2013
1547,BRA,Growing fruits and nuts industry,MAR,0.0,UZB,2013
1548,BRA,"Growing beverage crops (coffee, tea etc) industry",MAR,0.0,UZB,2013
1549,BRA,"Growing spices, aromatic, drug and pharmaceutical crops industry",MAR,1.747132116115954e-08,UZB,2013
1550,BRA,Seeds and plant propagation industry,MAR,0.0,UZB,2013
1551,BRA,Raising of cattle industry,MAR,5.604381489609736e-05,UZB,2013
1552,BRA,Growing wheat industry,MDA,0.002431731782966284,UZB,2013
1553,BRA,Growing maize industry,MDA,0.004617943726028767,UZB,2013
1554,BRA,Growing cereals n.e.c industry,MDA,6.073189148546914e-05,UZB,2013
1555,BRA,Growing leguminous crops and oil seeds industry,MDA,0.02772795860358229,UZB,2013
1556,BRA,Growing rice industry,MDA,0.0,UZB,2013
1557,BRA,"Growing vegetables, roots, tubers industry",MDA,1.7278693856201929e-06,UZB,2013
1558,BRA,Growing sugar beet and cane industry,MDA,0.00024173382316025187,UZB,2013
1559,BRA,Growing tobacco industry,MDA,9.647936077701745e-07,UZB,2013
1560,BRA,Growing fibre crops industry,MDA,0.00020332210682182363,UZB,2013
1561,BRA,Growing crops n.e.c. industry,MDA,4.7585475998983406e-05,UZB,2013
1562,BRA,Growing grapes industry,MDA,2.7645510288237043e-09,UZB,2013
1563,BRA,Growing fruits and nuts industry,MDA,0.0,UZB,2013
1564,BRA,"Growing beverage crops (coffee, tea etc) industry",MDA,0.0,UZB,2013
1565,BRA,"Growing spices, aromatic, drug and pharmaceutical crops industry",MDA,4.5154999136120206e-08,UZB,2013
1566,BRA,Seeds and plant propagation industry,MDA,0.0,UZB,2013
1567,BRA,Raising of cattle industry,MDA,0.0004849322089961753,UZB,2013
1568,BRA,Growing wheat industry,MDG,1.784415705979534e-05,UZB,2013
1569,BRA,Growing maize industry,MDG,5.898262624879019e-05,UZB,2013
1570,BRA,Growing cereals n.e.c industry,MDG,8.426359708510552e-07,UZB,2013
1571,BRA,Growing leguminous crops and oil seeds industry,MDG,0.0005227223727151347,UZB,2013
1572,BRA,Growing rice industry,MDG,0.0,UZB,2013
1573,BRA,"Growing vegetables, roots, tubers industry",MDG,1.155504133941373e-07,UZB,2013
1574,BRA,Growing sugar beet and cane industry,MDG,3.524600137484019e-06,UZB,2013
1575,BRA,Growing tobacco industry,MDG,7.599094165157773e-08,UZB,2013
1576,BRA,Growing fibre crops industry,MDG,1.0577626284038483e-05,UZB,2013
1577,BRA,Growing crops n.e.c. industry,MDG,2.3522472887590204e-07,UZB,2013
1578,BRA,Growing grapes industry,MDG,1.0746652895629477e-10,UZB,2013
1579,BRA,Growing fruits and nuts industry,MDG,0.0,UZB,2013
1580,BRA,"Growing beverage crops (coffee, tea etc) industry",MDG,0.0,UZB,2013
1581,BRA,"Growing spices, aromatic, drug and pharmaceutical crops industry",MDG,3.134717288013482e-09,UZB,2013
1582,BRA,Seeds and plant propagation industry,MDG,0.0,UZB,2013
1583,BRA,Raising of cattle industry,MDG,6.182090497483391e-06,UZB,2013
1584,BRA,Growing wheat industry,MEX,0.0004682667965270779,UZB,2013
1585,BRA,Growing maize industry,MEX,0.0017195815230148402,UZB,2013
1586,BRA,Growing cereals n.e.c industry,MEX,2.104291230480755e-05,UZB,2013
1587,BRA,Growing leguminous crops and oil seeds industry,MEX,0.014145492429839845,UZB,2013
1588,BRA,Growing rice industry,MEX,0.0,UZB,2013
1589,BRA,"Growing vegetables, roots, tubers industry",MEX,3.150019752335565e-06,UZB,2013
1590,BRA,Growing sugar beet and cane industry,MEX,8.792845155600906e-05,UZB,2013
1591,BRA,Growing tobacco industry,MEX,2.1582905406121797e-06,UZB,2013
1592,BRA,Growing fibre crops industry,MEX,0.0002257890856578021,UZB,2013
1593,BRA,Growing crops n.e.c. industry,MEX,7.257055666947571e-06,UZB,2013
1594,BRA,Growing grapes industry,MEX,2.622673051887906e-09,UZB,2013
1595,BRA,Growing fruits and nuts industry,MEX,0.0,UZB,2013
1596,BRA,"Growing beverage crops (coffee, tea etc) industry",MEX,0.0,UZB,2013
1597,BRA,"Growing spices, aromatic, drug and pharmaceutical crops industry",MEX,5.5567433287103796e-08,UZB,2013
1598,BRA,Seeds and plant propagation industry,MEX,0.0,UZB,2013
1599,BRA,Raising of cattle industry,MEX,0.00014678551712978168,UZB,2013
1600,BRA,Growing wheat industry,MKD,2.2711950696226312e-05,UZB,2013
1601,BRA,Growing maize industry,MKD,7.020699807419572e-05,UZB,2013
1602,BRA,Growing cereals n.e.c industry,MKD,9.179344738676065e-07,UZB,2013
1603,BRA,Growing leguminous crops and oil seeds industry,MKD,0.0008792894672556486,UZB,2013
1604,BRA,Growing rice industry,MKD,0.0,UZB,2013
1605,BRA,"Growing vegetables, roots, tubers industry",MKD,1.0111791302662814e-07,UZB,2013
1606,BRA,Growing sugar beet and cane industry,MKD,3.715119095169644e-06,UZB,2013
1607,BRA,Growing tobacco industry,MKD,6.794142858336212e-08,UZB,2013
1608,BRA,Growing fibre crops industry,MKD,9.597366028337458e-06,UZB,2013
1609,BRA,Growing crops n.e.c. industry,MKD,3.54690700183078e-07,UZB,2013
1610,BRA,Growing grapes industry,MKD,9.991719798049413e-11,UZB,2013
1611,BRA,Growing fruits and nuts industry,MKD,0.0,UZB,2013
1612,BRA,"Growing beverage crops (coffee, tea etc) industry",MKD,0.0,UZB,2013
1613,BRA,"Growing spices, aromatic, drug and pharmaceutical crops industry",MKD,2.3821584940260118e-09,UZB,2013
1614,BRA,Seeds and plant propagation industry,MKD,0.0,UZB,2013
1615,BRA,Raising of cattle industry,MKD,7.165172701158675e-06,UZB,2013
1616,BRA,Growing wheat industry,MLI,9.139299533592323e-06,UZB,2013
1617,BRA,Growing maize industry,MLI,3.3558684796758686e-05,UZB,2013
1618,BRA,Growing cereals n.e.c industry,MLI,4.327057518336499e-07,UZB,2013
1619,BRA,Growing leguminous crops and oil seeds industry,MLI,0.0003040108438559548,UZB,2013
1620,BRA,Growing rice industry,MLI,0.0,UZB,2013
1621,BRA,"Growing vegetables, roots, tubers industry",MLI,5.680394412288309e-08,UZB,2013
1622,BRA,Growing sugar beet and cane industry,MLI,1.8038977674264864e-06,UZB,2013
1623,BRA,Growing tobacco industry,MLI,4.182744269710828e-08,UZB,2013
1624,BRA,Growing fibre crops industry,MLI,4.197375707510573e-06,UZB,2013
1625,BRA,Growing crops n.e.c. industry,MLI,1.5058378829953909e-07,UZB,2013
1626,BRA,Growing grapes industry,MLI,5.3837426298739295e-11,UZB,2013
1627,BRA,Growing fruits and nuts industry,MLI,0.0,UZB,2013
1628,BRA,"Growing beverage crops (coffee, tea etc) industry",MLI,0.0,UZB,2013
1629,BRA,"Growing spices, aromatic, drug and pharmaceutical crops industry",MLI,1.1359622986270117e-09,UZB,2013
1630,BRA,Seeds and plant propagation industry,MLI,0.0,UZB,2013
1631,BRA,Raising of cattle industry,MLI,3.1158661516746916e-06,UZB,2013
1632,BRA,Growing wheat industry,MLT,6.2399047894844966e-06,UZB,2013
1633,BRA,Growing maize industry,MLT,2.9888701422923642e-05,UZB,2013
1634,BRA,Growing cereals n.e.c industry,MLT,2.709298456669231e-07,UZB,2013
1635,BRA,Growing leguminous crops and oil seeds industry,MLT,0.00019864302845598348,UZB,2013
1636,BRA,Growing rice industry,MLT,0.0,UZB,2013
1637,BRA,"Growing vegetables, roots, tubers industry",MLT,3.482392053042097e-08,UZB,2013
1638,BRA,Growing sugar beet and cane industry,MLT,1.1603367236295755e-06,UZB,2013
1639,BRA,Growing tobacco industry,MLT,2.289097842131154e-08,UZB,2013
1640,BRA,Growing fibre crops industry,MLT,2.6121884162472566e-06,UZB,2013
1641,BRA,Growing crops n.e.c. industry,MLT,9.126642936133225e-08,UZB,2013
1642,BRA,Growing grapes industry,MLT,3.265868844883624e-11,UZB,2013
1643,BRA,Growing fruits and nuts industry,MLT,0.0,UZB,2013
1644,BRA,"Growing beverage crops (coffee, tea etc) industry",MLT,0.0,UZB,2013
1645,BRA,"Growing spices, aromatic, drug and pharmaceutical crops industry",MLT,7.186407500871673e-10,UZB,2013
1646,BRA,Seeds and plant propagation industry,MLT,0.0,UZB,2013
1647,BRA,Raising of cattle industry,MLT,1.9113467682503144e-06,UZB,2013
1648,BRA,Growing wheat industry,MMR,3.725743122487243e-05,UZB,2013
1649,BRA,Growing maize industry,MMR,0.0002011903056341293,UZB,2013
1650,BRA,Growing cereals n.e.c industry,MMR,1.773943936880581e-06,UZB,2013
1651,BRA,Growing leguminous crops and oil seeds industry,MMR,0.0014030789581208321,UZB,2013
1652,BRA,Growing rice industry,MMR,0.0,UZB,2013
1653,BRA,"Growing vegetables, roots, tubers industry",MMR,2.009092603185801e-07,UZB,2013
1654,BRA,Growing sugar beet and cane industry,MMR,7.539392570964475e-06,UZB,2013
1655,BRA,Growing tobacco industry,MMR,1.3968229734708338e-07,UZB,2013
1656,BRA,Growing fibre crops industry,MMR,1.3536321036744638e-05,UZB,2013
1657,BRA,Growing crops n.e.c. industry,MMR,6.417313369517445e-07,UZB,2013
1658,BRA,Growing grapes industry,MMR,2.358781218195772e-10,UZB,2013
1659,BRA,Growing fruits and nuts industry,MMR,0.0,UZB,2013
1660,BRA,"Growing beverage crops (coffee, tea etc) industry",MMR,0.0,UZB,2013
1661,BRA,"Growing spices, aromatic, drug and pharmaceutical crops industry",MMR,3.7399422793560896e-09,UZB,2013
1662,BRA,Seeds and plant propagation industry,MMR,0.0,UZB,2013
1663,BRA,Raising of cattle industry,MMR,1.2298800125657761e-05,UZB,2013
1664,BRA,Growing wheat industry,MNG,6.978139626740828e-05,UZB,2013
1665,BRA,Growing maize industry,MNG,0.0012378460840659462,UZB,2013
1666,BRA,Growing cereals n.e.c industry,MNG,3.323913673257976e-06,UZB,2013
1667,BRA,Growing leguminous crops and oil seeds industry,MNG,0.001154535202299491,UZB,2013
1668,BRA,Growing rice industry,MNG,0.0,UZB,2013
1669,BRA,"Growing vegetables, roots, tubers industry",MNG,2.2856680927368292e-07,UZB,2013
1670,BRA,Growing sugar beet and cane industry,MNG,2.8095325509429064e-05,UZB,2013
1671,BRA,Growing tobacco industry,MNG,0.001063013561417612,UZB,2013
1672,BRA,Growing fibre crops industry,MNG,1.6678239805984574e-05,UZB,2013
1673,BRA,Growing crops n.e.c. industry,MNG,9.58919574807764e-07,UZB,2013
1674,BRA,Growing grapes industry,MNG,2.822896655909001e-10,UZB,2013
1675,BRA,Growing fruits and nuts industry,MNG,0.0,UZB,2013
1676,BRA,"Growing beverage crops (coffee, tea etc) industry",MNG,0.0,UZB,2013
1677,BRA,"Growing spices, aromatic, drug and pharmaceutical crops industry",MNG,4.439528992428893e-09,UZB,2013
1678,BRA,Seeds and plant propagation industry,MNG,0.0,UZB,2013
1679,BRA,Raising of cattle industry,MNG,4.577406908235932e-05,UZB,2013
1680,BRA,Growing wheat industry,MOZ,3.9597984347996634e-05,UZB,2013
1681,BRA,Growing maize industry,MOZ,0.00011532435058812342,UZB,2013
1682,BRA,Growing cereals n.e.c industry,MOZ,1.4312749106278403e-06,UZB,2013
1683,BRA,Growing leguminous crops and oil seeds industry,MOZ,0.0008211415595923143,UZB,2013
1684,BRA,Growing rice industry,MOZ,0.0,UZB,2013
1685,BRA,"Growing vegetables, roots, tubers industry",MOZ,1.4213114878627188e-07,UZB,2013
1686,BRA,Growing sugar beet and cane industry,MOZ,5.876513809195135e-06,UZB,2013
1687,BRA,Growing tobacco industry,MOZ,9.559302543511331e-08,UZB,2013
1688,BRA,Growing fibre crops industry,MOZ,1.1129233395172764e-05,UZB,2013
1689,BRA,Growing crops n.e.c. industry,MOZ,7.125150539169949e-07,UZB,2013
1690,BRA,Growing grapes industry,MOZ,1.4219408953519162e-10,UZB,2013
1691,BRA,Growing fruits and nuts industry,MOZ,0.0,UZB,2013
1692,BRA,"Growing beverage crops (coffee, tea etc) industry",MOZ,0.0,UZB,2013
1693,BRA,"Growing spices, aromatic, drug and pharmaceutical crops industry",MOZ,2.8718420993054215e-09,UZB,2013
1694,BRA,Seeds and plant propagation industry,MOZ,0.0,UZB,2013
1695,BRA,Raising of cattle industry,MOZ,1.0301419697051156e-05,UZB,2013
1696,BRA,Growing wheat industry,MRT,8.093060205695246e-06,UZB,2013
1697,BRA,Growing maize industry,MRT,3.220876046225302e-05,UZB,2013
1698,BRA,Growing cereals n.e.c industry,MRT,3.522457126694051e-07,UZB,2013
1699,BRA,Growing leguminous crops and oil seeds industry,MRT,0.00025215494360145726,UZB,2013
1700,BRA,Growing rice industry,MRT,0.0,UZB,2013
1701,BRA,"Growing vegetables, roots, tubers industry",MRT,4.046427237713508e-08,UZB,2013
1702,BRA,Growing sugar beet and cane industry,MRT,1.4591487182856558e-06,UZB,2013
1703,BRA,Growing tobacco industry,MRT,2.7106585194125674e-08,UZB,2013
1704,BRA,Growing fibre crops industry,MRT,3.3869665025050783e-06,UZB,2013
1705,BRA,Growing crops n.e.c. industry,MRT,1.3250531060508619e-07,UZB,2013
1706,BRA,Growing grapes industry,MRT,3.9349120898658996e-11,UZB,2013
1707,BRA,Growing fruits and nuts industry,MRT,0.0,UZB,2013
1708,BRA,"Growing beverage crops (coffee, tea etc) industry",MRT,0.0,UZB,2013
1709,BRA,"Growing spices, aromatic, drug and pharmaceutical crops industry",MRT,8.613785919297068e-10,UZB,2013
1710,BRA,Seeds and plant propagation industry,MRT,0.0,UZB,2013
1711,BRA,Raising of cattle industry,MRT,2.4461441486445254e-06,UZB,2013
1712,BRA,Growing wheat industry,MWI,1.0843922149635006e-05,UZB,2013
1713,BRA,Growing maize industry,MWI,3.231653373307838e-05,UZB,2013
1714,BRA,Growing cereals n.e.c industry,MWI,3.2482272984058345e-07,UZB,2013
1715,BRA,Growing leguminous crops and oil seeds industry,MWI,0.00018498925007431514,UZB,2013
1716,BRA,Growing rice industry,MWI,0.0,UZB,2013
1717,BRA,"Growing vegetables, roots, tubers industry",MWI,2.1596519498305744e-08,UZB,2013
1718,BRA,Growing sugar beet and cane industry,MWI,1.3458148666134645e-06,UZB,2013
1719,BRA,Growing tobacco industry,MWI,1.4158533787833546e-08,UZB,2013
1720,BRA,Growing fibre crops industry,MWI,1.8660393508639099e-06,UZB,2013
1721,BRA,Growing crops n.e.c. industry,MWI,2.0138758951866627e-07,UZB,2013
1722,BRA,Growing grapes industry,MWI,2.689165557251849e-11,UZB,2013
1723,BRA,Growing fruits and nuts industry,MWI,0.0,UZB,2013
1724,BRA,"Growing beverage crops (coffee, tea etc) industry",MWI,0.0,UZB,2013
1725,BRA,"Growing spices, aromatic, drug and pharmaceutical crops industry",MWI,4.573242870240829e-10,UZB,2013
1726,BRA,Seeds and plant propagation industry,MWI,0.0,UZB,2013
1727,BRA,Raising of cattle industry,MWI,2.4538836066536544e-06,UZB,2013
1728,BRA,Growing wheat industry,MYS,0.0011218207810856852,UZB,2013
1729,BRA,Growing maize industry,MYS,0.002825472388857324,UZB,2013
1730,BRA,Growing cereals n.e.c industry,MYS,3.9339716460669625e-05,UZB,2013
1731,BRA,Growing leguminous crops and oil seeds industry,MYS,0.016518420727849637,UZB,2013
1732,BRA,Growing rice industry,MYS,0.0,UZB,2013
1733,BRA,"Growing vegetables, roots, tubers industry",MYS,5.050760893610964e-06,UZB,2013
1734,BRA,Growing sugar beet and cane industry,MYS,0.00015812327095850778,UZB,2013
1735,BRA,Growing tobacco industry,MYS,3.1990293373536572e-06,UZB,2013
1736,BRA,Growing fibre crops industry,MYS,0.0002510343141327828,UZB,2013
1737,BRA,Growing crops n.e.c. industry,MYS,2.0875134329405176e-05,UZB,2013
1738,BRA,Growing grapes industry,MYS,3.85503078996219e-09,UZB,2013
1739,BRA,Growing fruits and nuts industry,MYS,0.0,UZB,2013
1740,BRA,"Growing beverage crops (coffee, tea etc) industry",MYS,0.0,UZB,2013
1741,BRA,"Growing spices, aromatic, drug and pharmaceutical crops industry",MYS,6.28753799708782e-08,UZB,2013
1742,BRA,Seeds and plant propagation industry,MYS,0.0,UZB,2013
1743,BRA,Raising of cattle industry,MYS,0.00032746392221704004,UZB,2013
1744,BRA,Growing wheat industry,NAM,7.620230842274679e-06,UZB,2013
1745,BRA,Growing maize industry,NAM,3.090650794092256e-05,UZB,2013
1746,BRA,Growing cereals n.e.c industry,NAM,3.61133378417755e-07,UZB,2013
1747,BRA,Growing leguminous crops and oil seeds industry,NAM,0.00022784090852240503,UZB,2013
1748,BRA,Growing rice industry,NAM,0.0,UZB,2013
1749,BRA,"Growing vegetables, roots, tubers industry",NAM,4.647396962197136e-08,UZB,2013
1750,BRA,Growing sugar beet and cane industry,NAM,1.5007348293396908e-06,UZB,2013
1751,BRA,Growing tobacco industry,NAM,3.2193045247344665e-08,UZB,2013
1752,BRA,Growing fibre crops industry,NAM,3.610185472364728e-06,UZB,2013
1753,BRA,Growing crops n.e.c. industry,NAM,1.195077990436393e-07,UZB,2013
1754,BRA,Growing grapes industry,NAM,4.3184540644824016e-11,UZB,2013
1755,BRA,Growing fruits and nuts industry,NAM,0.0,UZB,2013
1756,BRA,"Growing beverage crops (coffee, tea etc) industry",NAM,0.0,UZB,2013
1757,BRA,"Growing spices, aromatic, drug and pharmaceutical crops industry",NAM,9.780921938722623e-10,UZB,2013
1758,BRA,Seeds and plant propagation industry,NAM,0.0,UZB,2013
1759,BRA,Raising of cattle industry,NAM,2.5685638940769423e-06,UZB,2013
1760,BRA,Growing wheat industry,NER,7.260986918283272e-06,UZB,2013
1761,BRA,Growing maize industry,NER,7.116341434579815e-05,UZB,2013
1762,BRA,Growing cereals n.e.c industry,NER,3.332123527126011e-07,UZB,2013
1763,BRA,Growing leguminous crops and oil seeds industry,NER,0.00043221342618273,UZB,2013
1764,BRA,Growing rice industry,NER,0.0,UZB,2013
1765,BRA,"Growing vegetables, roots, tubers industry",NER,2.3333729637561195e-08,UZB,2013
1766,BRA,Growing sugar beet and cane industry,NER,1.5809981125756333e-06,UZB,2013
1767,BRA,Growing tobacco industry,NER,1.579301599280488e-08,UZB,2013
1768,BRA,Growing fibre crops industry,NER,1.7564775529353134e-06,UZB,2013
1769,BRA,Growing crops n.e.c. industry,NER,1.291035136726816e-07,UZB,2013
1770,BRA,Growing grapes industry,NER,5.2669244298146725e-11,UZB,2013
1771,BRA,Growing fruits and nuts industry,NER,0.0,UZB,2013
1772,BRA,"Growing beverage crops (coffee, tea etc) industry",NER,0.0,UZB,2013
1773,BRA,"Growing spices, aromatic, drug and pharmaceutical crops industry",NER,4.6449302884832995e-10,UZB,2013
1774,BRA,Seeds and plant propagation industry,NER,0.0,UZB,2013
1775,BRA,Raising of cattle industry,NER,2.2480033030249482e-06,UZB,2013
1776,BRA,Growing wheat industry,NGA,0.0002999926835518912,UZB,2013
1777,BRA,Growing maize industry,NGA,0.0008906480066557239,UZB,2013
1778,BRA,Growing cereals n.e.c industry,NGA,1.5156130008412966e-05,UZB,2013
1779,BRA,Growing leguminous crops and oil seeds industry,NGA,0.005070037214444019,UZB,2013
1780,BRA,Growing rice industry,NGA,0.0,UZB,2013
1781,BRA,"Growing vegetables, roots, tubers industry",NGA,1.353650403865844e-06,UZB,2013
1782,BRA,Growing sugar beet and cane industry,NGA,5.942721489308642e-05,UZB,2013
1783,BRA,Growing tobacco industry,NGA,7.942881017969116e-07,UZB,2013
1784,BRA,Growing fibre crops industry,NGA,7.577461208841196e-05,UZB,2013
1785,BRA,Growing crops n.e.c. industry,NGA,5.7671746723527215e-06,UZB,2013
1786,BRA,Growing grapes industry,NGA,1.3167608432896555e-09,UZB,2013
1787,BRA,Growing fruits and nuts industry,NGA,0.0,UZB,2013
1788,BRA,"Growing beverage crops (coffee, tea etc) industry",NGA,0.0,UZB,2013
1789,BRA,"Growing spices, aromatic, drug and pharmaceutical crops industry",NGA,2.2033018611470403e-08,UZB,2013
1790,BRA,Seeds and plant propagation industry,NGA,0.0,UZB,2013
1791,BRA,Raising of cattle industry,NGA,9.024889990050557e-05,UZB,2013
1792,BRA,Growing wheat industry,NIC,6.889534383982617e-06,UZB,2013
1793,BRA,Growing maize industry,NIC,3.6839740059606774e-05,UZB,2013
1794,BRA,Growing cereals n.e.c industry,NIC,3.349373104306415e-07,UZB,2013
1795,BRA,Growing leguminous crops and oil seeds industry,NIC,0.0002229207970198027,UZB,2013
1796,BRA,Growing rice industry,NIC,0.0,UZB,2013
1797,BRA,"Growing vegetables, roots, tubers industry",NIC,4.221512534577742e-08,UZB,2013
1798,BRA,Growing sugar beet and cane industry,NIC,1.4569386143556442e-06,UZB,2013
1799,BRA,Growing tobacco industry,NIC,3.053840934914366e-08,UZB,2013
1800,BRA,Growing fibre crops industry,NIC,3.0021098030954624e-06,UZB,2013
1801,BRA,Growing crops n.e.c. industry,NIC,1.1811503639330526e-07,UZB,2013
1802,BRA,Growing grapes industry,NIC,4.080730745751526e-11,UZB,2013
1803,BRA,Growing fruits and nuts industry,NIC,0.0,UZB,2013
1804,BRA,"Growing beverage crops (coffee, tea etc) industry",NIC,0.0,UZB,2013
1805,BRA,"Growing spices, aromatic, drug and pharmaceutical crops industry",NIC,7.996408595317632e-10,UZB,2013
1806,BRA,Seeds and plant propagation industry,NIC,0.0,UZB,2013
1807,BRA,Raising of cattle industry,NIC,2.264010501998306e-06,UZB,2013
1808,BRA,Growing wheat industry,NLD,0.0005082281796713478,UZB,2013
1809,BRA,Growing maize industry,NLD,0.0023887940407722017,UZB,2013
1810,BRA,Growing cereals n.e.c industry,NLD,2.565004450262254e-05,UZB,2013
1811,BRA,Growing leguminous crops and oil seeds industry,NLD,0.017885660576034433,UZB,2013
1812,BRA,Growing rice industry,NLD,0.0,UZB,2013
1813,BRA,"Growing vegetables, roots, tubers industry",NLD,3.379559591055368e-06,UZB,2013
1814,BRA,Growing sugar beet and cane industry,NLD,0.0001057490252697976,UZB,2013
1815,BRA,Growing tobacco industry,NLD,2.094281319643166e-06,UZB,2013
1816,BRA,Growing fibre crops industry,NLD,0.00022324716159461606,UZB,2013
1817,BRA,Growing crops n.e.c. industry,NLD,7.992145766157307e-06,UZB,2013
1818,BRA,Growing grapes industry,NLD,2.8184434350931e-09,UZB,2013
1819,BRA,Growing fruits and nuts industry,NLD,0.0,UZB,2013
1820,BRA,"Growing beverage crops (coffee, tea etc) industry",NLD,0.0,UZB,2013
1821,BRA,"Growing spices, aromatic, drug and pharmaceutical crops industry",NLD,5.8107226227472774e-08,UZB,2013
1822,BRA,Seeds and plant propagation industry,NLD,0.0,UZB,2013
1823,BRA,Raising of cattle industry,NLD,0.00016400844566052925,UZB,2013
1824,BRA,Growing wheat industry,NOR,0.00018945778948365214,UZB,2013
1825,BRA,Growing maize industry,NOR,0.0008950786862128542,UZB,2013
1826,BRA,Growing cereals n.e.c industry,NOR,8.058435533251277e-06,UZB,2013
1827,BRA,Growing leguminous crops and oil seeds industry,NOR,0.007120288359333758,UZB,2013
1828,BRA,Growing rice industry,NOR,0.0,UZB,2013
1829,BRA,"Growing vegetables, roots, tubers industry",NOR,9.42055570631784e-07,UZB,2013
1830,BRA,Growing sugar beet and cane industry,NOR,3.4234410156725686e-05,UZB,2013
1831,BRA,Growing tobacco industry,NOR,6.25899710492737e-07,UZB,2013
1832,BRA,Growing fibre crops industry,NOR,7.568352220707537e-05,UZB,2013
1833,BRA,Growing crops n.e.c. industry,NOR,2.8875603853055124e-06,UZB,2013
1834,BRA,Growing grapes industry,NOR,8.962606402174104e-10,UZB,2013
1835,BRA,Growing fruits and nuts industry,NOR,0.0,UZB,2013
1836,BRA,"Growing beverage crops (coffee, tea etc) industry",NOR,0.0,UZB,2013
1837,BRA,"Growing spices, aromatic, drug and pharmaceutical crops industry",NOR,1.928801722100595e-08,UZB,2013
1838,BRA,Seeds and plant propagation industry,NOR,0.0,UZB,2013
1839,BRA,Raising of cattle industry,NOR,5.834938284012466e-05,UZB,2013
1840,BRA,Growing wheat industry,NPL,0.00024985933694573857,UZB,2013
1841,BRA,Growing maize industry,NPL,0.0004886283754114909,UZB,2013
1842,BRA,Growing cereals n.e.c industry,NPL,6.2863531918214295e-06,UZB,2013
1843,BRA,Growing leguminous crops and oil seeds industry,NPL,0.001775705181180622,UZB,2013
1844,BRA,Growing rice industry,NPL,0.0,UZB,2013
1845,BRA,"Growing vegetables, roots, tubers industry",NPL,1.437092057002328e-07,UZB,2013
1846,BRA,Growing sugar beet and cane industry,NPL,2.605226064337473e-05,UZB,2013
1847,BRA,Growing tobacco industry,NPL,8.459950522788981e-08,UZB,2013
1848,BRA,Growing fibre crops industry,NPL,1.4750797175130565e-05,UZB,2013
1849,BRA,Growing crops n.e.c. industry,NPL,4.934138673388543e-06,UZB,2013
1850,BRA,Growing grapes industry,NPL,2.627189958757468e-10,UZB,2013
1851,BRA,Growing fruits and nuts industry,NPL,0.0,UZB,2013
1852,BRA,"Growing beverage crops (coffee, tea etc) industry",NPL,0.0,UZB,2013
1853,BRA,"Growing spices, aromatic, drug and pharmaceutical crops industry",NPL,3.0248436783987793e-09,UZB,2013
1854,BRA,Seeds and plant propagation industry,NPL,0.0,UZB,2013
1855,BRA,Raising of cattle industry,NPL,4.8891792819248325e-05,UZB,2013
1856,BRA,Growing wheat industry,NZL,7.981719894499933e-05,UZB,2013
1857,BRA,Growing maize industry,NZL,0.0002827049223450159,UZB,2013
1858,BRA,Growing cereals n.e.c industry,NZL,3.020122848066902e-06,UZB,2013
1859,BRA,Growing leguminous crops and oil seeds industry,NZL,0.002196093411401932,UZB,2013
1860,BRA,Growing rice industry,NZL,0.0,UZB,2013
1861,BRA,"Growing vegetables, roots, tubers industry",NZL,3.349995975947154e-07,UZB,2013
1862,BRA,Growing sugar beet and cane industry,NZL,1.2444481236319335e-05,UZB,2013
1863,BRA,Growing tobacco industry,NZL,2.1070442212199085e-07,UZB,2013
1864,BRA,Growing fibre crops industry,NZL,2.9786088233410083e-05,UZB,2013
1865,BRA,Growing crops n.e.c. industry,NZL,1.297126668288696e-06,UZB,2013
1866,BRA,Growing grapes industry,NZL,3.1603587545814324e-10,UZB,2013
1867,BRA,Growing fruits and nuts industry,NZL,0.0,UZB,2013
1868,BRA,"Growing beverage crops (coffee, tea etc) industry",NZL,0.0,UZB,2013
1869,BRA,"Growing spices, aromatic, drug and pharmaceutical crops industry",NZL,7.2168069222001775e-09,UZB,2013
1870,BRA,Seeds and plant propagation industry,NZL,0.0,UZB,2013
1871,BRA,Raising of cattle industry,NZL,2.2435242328425336e-05,UZB,2013
1872,BRA,Growing wheat industry,OMN,6.849266488834156e-05,UZB,2013
1873,BRA,Growing maize industry,OMN,0.0002540025707858398,UZB,2013
1874,BRA,Growing cereals n.e.c industry,OMN,3.07205917244763e-06,UZB,2013
1875,BRA,Growing leguminous crops and oil seeds industry,OMN,0.0015792060108621982,UZB,2013
1876,BRA,Growing rice industry,OMN,0.0,UZB,2013
1877,BRA,"Growing vegetables, roots, tubers industry",OMN,4.037457844549506e-07,UZB,2013
1878,BRA,Growing sugar beet and cane industry,OMN,1.2879309070096844e-05,UZB,2013
1879,BRA,Growing tobacco industry,OMN,2.907122342949162e-07,UZB,2013
1880,BRA,Growing fibre crops industry,OMN,2.6733880116560285e-05,UZB,2013
1881,BRA,Growing crops n.e.c. industry,OMN,1.0802943992821877e-06,UZB,2013
1882,BRA,Growing grapes industry,OMN,3.7809447787196407e-10,UZB,2013
1883,BRA,Growing fruits and nuts industry,OMN,0.0,UZB,2013
1884,BRA,"Growing beverage crops (coffee, tea etc) industry",OMN,0.0,UZB,2013
1885,BRA,"Growing spices, aromatic, drug and pharmaceutical crops industry",OMN,7.77013464227031e-09,UZB,2013
1886,BRA,Seeds and plant propagation industry,OMN,0.0,UZB,2013
1887,BRA,Raising of cattle industry,OMN,2.1861025547497802e-05,UZB,2013
1888,BRA,Growing wheat industry,PAK,0.001002735599756845,UZB,2013
1889,BRA,Growing maize industry,PAK,0.0018940831464487882,UZB,2013
1890,BRA,Growing cereals n.e.c industry,PAK,3.079479850335373e-05,UZB,2013
1891,BRA,Growing leguminous crops and oil seeds industry,PAK,0.02615129505853531,UZB,2013
1892,BRA,Growing rice industry,PAK,0.0,UZB,2013
1893,BRA,"Growing vegetables, roots, tubers industry",PAK,2.5233323959157493e-06,UZB,2013
1894,BRA,Growing sugar beet and cane industry,PAK,0.00014634985308610297,UZB,2013
1895,BRA,Growing tobacco industry,PAK,1.6200032769480488e-06,UZB,2013
1896,BRA,Growing fibre crops industry,PAK,0.00022241092058008558,UZB,2013
1897,BRA,Growing crops n.e.c. industry,PAK,1.059499086274572e-05,UZB,2013
1898,BRA,Growing grapes industry,PAK,4.694712338108684e-09,UZB,2013
1899,BRA,Growing fruits and nuts industry,PAK,0.0,UZB,2013
1900,BRA,"Growing beverage crops (coffee, tea etc) industry",PAK,0.0,UZB,2013
1901,BRA,"Growing spices, aromatic, drug and pharmaceutical crops industry",PAK,5.193973775700118e-08,UZB,2013
1902,BRA,Seeds and plant propagation industry,PAK,0.0,UZB,2013
1903,BRA,Raising of cattle industry,PAK,0.0002444933517227422,UZB,2013
1904,BRA,Growing wheat industry,PSE,1.0554272311107148e-05,UZB,2013
1905,BRA,Growing maize industry,PSE,4.0481465917280316e-05,UZB,2013
1906,BRA,Growing cereals n.e.c industry,PSE,6.059803742405793e-07,UZB,2013
1907,BRA,Growing leguminous crops and oil seeds industry,PSE,0.00023693557254248225,UZB,2013
1908,BRA,Growing rice industry,PSE,0.0,UZB,2013
1909,BRA,"Growing vegetables, roots, tubers industry",PSE,6.64052157475948e-08,UZB,2013
1910,BRA,Growing sugar beet and cane industry,PSE,2.482983105877965e-06,UZB,2013
1911,BRA,Growing tobacco industry,PSE,5.010868367414366e-08,UZB,2013
1912,BRA,Growing fibre crops industry,PSE,4.114668084024216e-06,UZB,2013
1913,BRA,Growing crops n.e.c. industry,PSE,1.9417138717028785e-07,UZB,2013
1914,BRA,Growing grapes industry,PSE,6.796747667206152e-11,UZB,2013
1915,BRA,Growing fruits and nuts industry,PSE,0.0,UZB,2013
1916,BRA,"Growing beverage crops (coffee, tea etc) industry",PSE,0.0,UZB,2013
1917,BRA,"Growing spices, aromatic, drug and pharmaceutical crops industry",PSE,1.32606705687106e-09,UZB,2013
1918,BRA,Seeds and plant propagation industry,PSE,0.0,UZB,2013
1919,BRA,Raising of cattle industry,PSE,4.085030997124932e-06,UZB,2013
1920,BRA,Growing wheat industry,PAN,5.287269444456861e-05,UZB,2013
1921,BRA,Growing maize industry,PAN,0.0008490016468108027,UZB,2013
1922,BRA,Growing cereals n.e.c industry,PAN,2.3982502538504463e-06,UZB,2013
1923,BRA,Growing leguminous crops and oil seeds industry,PAN,0.0012662399171212214,UZB,2013
1924,BRA,Growing rice industry,PAN,0.0,UZB,2013
1925,BRA,"Growing vegetables, roots, tubers industry",PAN,2.7887537108289256e-07,UZB,2013
1926,BRA,Growing sugar beet and cane industry,PAN,1.2684245429204938e-05,UZB,2013
1927,BRA,Growing tobacco industry,PAN,1.720699559754679e-07,UZB,2013
1928,BRA,Growing fibre crops industry,PAN,2.212854714247303e-05,UZB,2013
1929,BRA,Growing crops n.e.c. industry,PAN,6.735447962648844e-07,UZB,2013
1930,BRA,Growing grapes industry,PAN,2.657432896588159e-10,UZB,2013
1931,BRA,Growing fruits and nuts industry,PAN,0.0,UZB,2013
1932,BRA,"Growing beverage crops (coffee, tea etc) industry",PAN,0.0,UZB,2013
1933,BRA,"Growing spices, aromatic, drug and pharmaceutical crops industry",PAN,5.780054083705978e-09,UZB,2013
1934,BRA,Seeds and plant propagation industry,PAN,0.0,UZB,2013
1935,BRA,Raising of cattle industry,PAN,1.5276000647373533e-05,UZB,2013
1936,BRA,Growing wheat industry,PER,0.0007148090851036326,UZB,2013
1937,BRA,Growing maize industry,PER,0.002863586796201051,UZB,2013
1938,BRA,Growing cereals n.e.c industry,PER,3.182360616607719e-05,UZB,2013
1939,BRA,Growing leguminous crops and oil seeds industry,PER,0.014397397111875302,UZB,2013
1940,BRA,Growing rice industry,PER,0.0,UZB,2013
1941,BRA,"Growing vegetables, roots, tubers industry",PER,5.284092697475838e-06,UZB,2013
1942,BRA,Growing sugar beet and cane industry,PER,0.000136549792959789,UZB,2013
1943,BRA,Growing tobacco industry,PER,3.4524367567822397e-06,UZB,2013
1944,BRA,Growing fibre crops industry,PER,0.0003229691773453101,UZB,2013
1945,BRA,Growing crops n.e.c. industry,PER,7.843280494785098e-06,UZB,2013
1946,BRA,Growing grapes industry,PER,4.587871160856532e-09,UZB,2013
1947,BRA,Growing fruits and nuts industry,PER,0.0,UZB,2013
1948,BRA,"Growing beverage crops (coffee, tea etc) industry",PER,0.0,UZB,2013
1949,BRA,"Growing spices, aromatic, drug and pharmaceutical crops industry",PER,1.14942321774277e-07,UZB,2013
1950,BRA,Seeds and plant propagation industry,PER,0.0,UZB,2013
1951,BRA,Raising of cattle industry,PER,0.00023677830991741225,UZB,2013
1952,BRA,Growing wheat industry,PHL,0.0007554567577412791,UZB,2013
1953,BRA,Growing maize industry,PHL,0.001695805310292511,UZB,2013
1954,BRA,Growing cereals n.e.c industry,PHL,2.0235063215125536e-05,UZB,2013
1955,BRA,Growing leguminous crops and oil seeds industry,PHL,0.00976605526176183,UZB,2013
1956,BRA,Growing rice industry,PHL,0.0,UZB,2013
1957,BRA,"Growing vegetables, roots, tubers industry",PHL,1.6617701988950381e-06,UZB,2013
1958,BRA,Growing sugar beet and cane industry,PHL,8.233525036298297e-05,UZB,2013
1959,BRA,Growing tobacco industry,PHL,1.0040101391268807e-06,UZB,2013
1960,BRA,Growing fibre crops industry,PHL,0.00011304990569252005,UZB,2013
1961,BRA,Growing crops n.e.c. industry,PHL,1.3947599038571216e-05,UZB,2013
1962,BRA,Growing grapes industry,PHL,1.460018737025515e-09,UZB,2013
1963,BRA,Growing fruits and nuts industry,PHL,0.0,UZB,2013
1964,BRA,"Growing beverage crops (coffee, tea etc) industry",PHL,0.0,UZB,2013
1965,BRA,"Growing spices, aromatic, drug and pharmaceutical crops industry",PHL,2.364320096520703e-08,UZB,2013
1966,BRA,Seeds and plant propagation industry,PHL,0.0,UZB,2013
1967,BRA,Raising of cattle industry,PHL,0.00015389643920959948,UZB,2013
1968,BRA,Growing wheat industry,PNG,3.168282617875138e-05,UZB,2013
1969,BRA,Growing maize industry,PNG,8.538292554785018e-05,UZB,2013
1970,BRA,Growing cereals n.e.c industry,PNG,1.0434126288094815e-06,UZB,2013
1971,BRA,Growing leguminous crops and oil seeds industry,PNG,0.0006338024614250184,UZB,2013
1972,BRA,Growing rice industry,PNG,0.0,UZB,2013
1973,BRA,"Growing vegetables, roots, tubers industry",PNG,9.293220227345045e-08,UZB,2013
1974,BRA,Growing sugar beet and cane industry,PNG,4.250467527010145e-06,UZB,2013
1975,BRA,Growing tobacco industry,PNG,5.67299632580252e-08,UZB,2013
1976,BRA,Growing fibre crops industry,PNG,8.159216732970381e-06,UZB,2013
1977,BRA,Growing crops n.e.c. industry,PNG,5.54292882726486e-07,UZB,2013
1978,BRA,Growing grapes industry,PNG,9.188131965645572e-11,UZB,2013
1979,BRA,Growing fruits and nuts industry,PNG,0.0,UZB,2013
1980,BRA,"Growing beverage crops (coffee, tea etc) industry",PNG,0.0,UZB,2013
1981,BRA,"Growing spices, aromatic, drug and pharmaceutical crops industry",PNG,1.989807585844951e-09,UZB,2013
1982,BRA,Seeds and plant propagation industry,PNG,0.0,UZB,2013
1983,BRA,Raising of cattle industry,PNG,7.907881384787617e-06,UZB,2013
1984,BRA,Growing wheat industry,POL,0.002933277886327679,UZB,2013
1985,BRA,Growing maize industry,POL,0.006727887468706691,UZB,2013
1986,BRA,Growing cereals n.e.c industry,POL,9.181161374591685e-05,UZB,2013
1987,BRA,Growing leguminous crops and oil seeds industry,POL,0.16335902977840988,UZB,2013
1988,BRA,Growing rice industry,POL,0.0,UZB,2013
1989,BRA,"Growing vegetables, roots, tubers industry",POL,8.224881849950272e-06,UZB,2013
1990,BRA,Growing sugar beet and cane industry,POL,0.0003538518138142904,UZB,2013
1991,BRA,Growing tobacco industry,POL,4.175822629533642e-06,UZB,2013
1992,BRA,Growing fibre crops industry,POL,0.001190708640818604,UZB,2013
1993,BRA,Growing crops n.e.c. industry,POL,4.2024793728657794e-05,UZB,2013
1994,BRA,Growing grapes industry,POL,8.535674882971764e-09,UZB,2013
1995,BRA,Growing fruits and nuts industry,POL,0.0,UZB,2013
1996,BRA,"Growing beverage crops (coffee, tea etc) industry",POL,0.0,UZB,2013
1997,BRA,"Growing spices, aromatic, drug and pharmaceutical crops industry",POL,2.258530890674415e-07,UZB,2013
1998,BRA,Seeds and plant propagation industry,POL,0.0,UZB,2013
1999,BRA,Raising of cattle industry,POL,0.0009054644074130016,UZB,2013
2000,BRA,Growing wheat industry,PRK,2.6511969738149892e-05,UZB,2013
2001,BRA,Growing maize industry,PRK,3.792063414740984e-05,UZB,2013
2002,BRA,Growing cereals n.e.c industry,PRK,6.41681503662727e-07,UZB,2013
2003,BRA,Growing leguminous crops and oil seeds industry,PRK,0.00019533005215386005,UZB,2013
2004,BRA,Growing rice industry,PRK,0.0,UZB,2013
2005,BRA,"Growing vegetables, roots, tubers industry",PRK,7.630419109009304e-08,UZB,2013
2006,BRA,Growing sugar beet and cane industry,PRK,3.7354115292886934e-06,UZB,2013
2007,BRA,Growing tobacco industry,PRK,6.067168968839981e-08,UZB,2013
2008,BRA,Growing fibre crops industry,PRK,3.4451145889552705e-06,UZB,2013
2009,BRA,Growing crops n.e.c. industry,PRK,1.5054828258471708e-07,UZB,2013
2010,BRA,Growing grapes industry,PRK,8.769122147640883e-11,UZB,2013
2011,BRA,Growing fruits and nuts industry,PRK,0.0,UZB,2013
2012,BRA,"Growing beverage crops (coffee, tea etc) industry",PRK,0.0,UZB,2013
2013,BRA,"Growing spices, aromatic, drug and pharmaceutical crops industry",PRK,1.176176813393084e-09,UZB,2013
2014,BRA,Seeds and plant propagation industry,PRK,0.0,UZB,2013
2015,BRA,Raising of cattle industry,PRK,4.869838174331692e-06,UZB,2013
2016,BRA,Growing wheat industry,PRT,0.0001747556792883598,UZB,2013
2017,BRA,Growing maize industry,PRT,0.0005238930609990923,UZB,2013
2018,BRA,Growing cereals n.e.c industry,PRT,6.237508210161043e-06,UZB,2013
2019,BRA,Growing leguminous crops and oil seeds industry,PRT,0.0106477366820371,UZB,2013
2020,BRA,Growing rice industry,PRT,0.0,UZB,2013
2021,BRA,"Growing vegetables, roots, tubers industry",PRT,6.854553407313659e-07,UZB,2013
2022,BRA,Growing sugar beet and cane industry,PRT,2.4514390145984214e-05,UZB,2013
2023,BRA,Growing tobacco industry,PRT,3.7616910502984467e-07,UZB,2013
2024,BRA,Growing fibre crops industry,PRT,8.475324067101363e-05,UZB,2013
2025,BRA,Growing crops n.e.c. industry,PRT,2.333198164366469e-06,UZB,2013
2026,BRA,Growing grapes industry,PRT,6.77066494830763e-10,UZB,2013
2027,BRA,Growing fruits and nuts industry,PRT,0.0,UZB,2013
2028,BRA,"Growing beverage crops (coffee, tea etc) industry",PRT,0.0,UZB,2013
2029,BRA,"Growing spices, aromatic, drug and pharmaceutical crops industry",PRT,1.7522121298084664e-08,UZB,2013
2030,BRA,Seeds and plant propagation industry,PRT,0.0,UZB,2013
2031,BRA,Raising of cattle industry,PRT,5.826377361354904e-05,UZB,2013
2032,BRA,Growing wheat industry,PRY,1.3093326276000507e-05,UZB,2013
2033,BRA,Growing maize industry,PRY,5.269097740766993e-05,UZB,2013
2034,BRA,Growing cereals n.e.c industry,PRY,5.683404452350124e-07,UZB,2013
2035,BRA,Growing leguminous crops and oil seeds industry,PRY,0.00044060477192695664,UZB,2013
2036,BRA,Growing rice industry,PRY,0.0,UZB,2013
2037,BRA,"Growing vegetables, roots, tubers industry",PRY,7.042860629924839e-08,UZB,2013
2038,BRA,Growing sugar beet and cane industry,PRY,2.342775124167306e-06,UZB,2013
2039,BRA,Growing tobacco industry,PRY,4.687824515981331e-08,UZB,2013
2040,BRA,Growing fibre crops industry,PRY,6.426112412388713e-06,UZB,2013
2041,BRA,Growing crops n.e.c. industry,PRY,2.0636620513396743e-07,UZB,2013
2042,BRA,Growing grapes industry,PRY,6.664480044815403e-11,UZB,2013
2043,BRA,Growing fruits and nuts industry,PRY,0.0,UZB,2013
2044,BRA,"Growing beverage crops (coffee, tea etc) industry",PRY,0.0,UZB,2013
2045,BRA,"Growing spices, aromatic, drug and pharmaceutical crops industry",PRY,1.5589940700908459e-09,UZB,2013
2046,BRA,Seeds and plant propagation industry,PRY,0.0,UZB,2013
2047,BRA,Raising of cattle industry,PRY,4.077575450148692e-06,UZB,2013
2048,BRA,Growing wheat industry,QAT,0.0007417283669223647,UZB,2013
2049,BRA,Growing maize industry,QAT,0.002306402837973358,UZB,2013
2050,BRA,Growing cereals n.e.c industry,QAT,3.753383000375027e-05,UZB,2013
2051,BRA,Growing leguminous crops and oil seeds industry,QAT,0.017263324038696605,UZB,2013
2052,BRA,Growing rice industry,QAT,0.0,UZB,2013
2053,BRA,"Growing vegetables, roots, tubers industry",QAT,5.512850974311337e-06,UZB,2013
2054,BRA,Growing sugar beet and cane industry,QAT,0.0001601852496162909,UZB,2013
2055,BRA,Growing tobacco industry,QAT,3.6261158890442793e-06,UZB,2013
2056,BRA,Growing fibre crops industry,QAT,0.0005075905089386054,UZB,2013
2057,BRA,Growing crops n.e.c. industry,QAT,7.838721477503122e-06,UZB,2013
2058,BRA,Growing grapes industry,QAT,5.07374880770731e-09,UZB,2013
2059,BRA,Growing fruits and nuts industry,QAT,0.0,UZB,2013
2060,BRA,"Growing beverage crops (coffee, tea etc) industry",QAT,0.0,UZB,2013
2061,BRA,"Growing spices, aromatic, drug and pharmaceutical crops industry",QAT,1.688299177785304e-07,UZB,2013
2062,BRA,Seeds and plant propagation industry,QAT,0.0,UZB,2013
2063,BRA,Raising of cattle industry,QAT,0.0002766070871782847,UZB,2013
2064,BRA,Growing wheat industry,ROU,0.002992905822547416,UZB,2013
2065,BRA,Growing maize industry,ROU,0.006648986532377462,UZB,2013
2066,BRA,Growing cereals n.e.c industry,ROU,8.593163414167957e-05,UZB,2013
2067,BRA,Growing leguminous crops and oil seeds industry,ROU,0.026548613695271513,UZB,2013
2068,BRA,Growing rice industry,ROU,0.0,UZB,2013
2069,BRA,"Growing vegetables, roots, tubers industry",ROU,5.005989733975043e-06,UZB,2013
2070,BRA,Growing sugar beet and cane industry,ROU,0.0003542623229090436,UZB,2013
2071,BRA,Growing tobacco industry,ROU,3.829549544408557e-06,UZB,2013
2072,BRA,Growing fibre crops industry,ROU,0.00028133254554040216,UZB,2013
2073,BRA,Growing crops n.e.c. industry,ROU,5.998923264798115e-05,UZB,2013
2074,BRA,Growing grapes industry,ROU,6.180945873881605e-09,UZB,2013
2075,BRA,Growing fruits and nuts industry,ROU,0.0,UZB,2013
2076,BRA,"Growing beverage crops (coffee, tea etc) industry",ROU,0.0,UZB,2013
2077,BRA,"Growing spices, aromatic, drug and pharmaceutical crops industry",ROU,8.316090573137715e-08,UZB,2013
2078,BRA,Seeds and plant propagation industry,ROU,0.0,UZB,2013
2079,BRA,Raising of cattle industry,ROU,0.0006222229786595083,UZB,2013
2080,BRA,Growing wheat industry,RUS,0.041882101992245256,UZB,2013
2081,BRA,Growing maize industry,RUS,0.46403782093042567,UZB,2013
2082,BRA,Growing cereals n.e.c industry,RUS,0.0015304440531282717,UZB,2013
2083,BRA,Growing leguminous crops and oil seeds industry,RUS,2.609572016526293,UZB,2013
2084,BRA,Growing rice industry,RUS,0.0,UZB,2013
2085,BRA,"Growing vegetables, roots, tubers industry",RUS,0.0001730790700949223,UZB,2013
2086,BRA,Growing sugar beet and cane industry,RUS,0.007855079731657246,UZB,2013
2087,BRA,Growing tobacco industry,RUS,9.896886083798857e-05,UZB,2013
2088,BRA,Growing fibre crops industry,RUS,0.019091811676072407,UZB,2013
2089,BRA,Growing crops n.e.c. industry,RUS,0.0004533401164408187,UZB,2013
2090,BRA,Growing grapes industry,RUS,1.7174641012069355e-07,UZB,2013
2091,BRA,Growing fruits and nuts industry,RUS,0.0,UZB,2013
2092,BRA,"Growing beverage crops (coffee, tea etc) industry",RUS,0.0,UZB,2013
2093,BRA,"Growing spices, aromatic, drug and pharmaceutical crops industry",RUS,3.957936522766945e-06,UZB,2013
2094,BRA,Seeds and plant propagation industry,RUS,0.0,UZB,2013
2095,BRA,Raising of cattle industry,RUS,0.013782089552058195,UZB,2013
2096,BRA,Growing wheat industry,RWA,9.319180441811996e-06,UZB,2013
2097,BRA,Growing maize industry,RWA,2.533901735777657e-05,UZB,2013
2098,BRA,Growing cereals n.e.c industry,RWA,4.050349365859455e-07,UZB,2013
2099,BRA,Growing leguminous crops and oil seeds industry,RWA,0.00017644481679800054,UZB,2013
2100,BRA,Growing rice industry,RWA,0.0,UZB,2013
2101,BRA,"Growing vegetables, roots, tubers industry",RWA,3.3115434714286746e-08,UZB,2013
2102,BRA,Growing sugar beet and cane industry,RWA,1.5903720608332317e-06,UZB,2013
2103,BRA,Growing tobacco industry,RWA,2.056750341925215e-08,UZB,2013
2104,BRA,Growing fibre crops industry,RWA,2.5185925963486944e-06,UZB,2013
2105,BRA,Growing crops n.e.c. industry,RWA,1.7209729997790706e-07,UZB,2013
2106,BRA,Growing grapes industry,RWA,3.523504476280988e-11,UZB,2013
2107,BRA,Growing fruits and nuts industry,RWA,0.0,UZB,2013
2108,BRA,"Growing beverage crops (coffee, tea etc) industry",RWA,0.0,UZB,2013
2109,BRA,"Growing spices, aromatic, drug and pharmaceutical crops industry",RWA,7.190109677127485e-10,UZB,2013
2110,BRA,Seeds and plant propagation industry,RWA,0.0,UZB,2013
2111,BRA,Raising of cattle industry,RWA,2.6315193710924958e-06,UZB,2013
2112,BRA,Growing wheat industry,SAU,0.0011533162884859907,UZB,2013
2113,BRA,Growing maize industry,SAU,0.0038865474405727907,UZB,2013
2114,BRA,Growing cereals n.e.c industry,SAU,5.723858617149705e-05,UZB,2013
2115,BRA,Growing leguminous crops and oil seeds industry,SAU,0.028949347409615623,UZB,2013
2116,BRA,Growing rice industry,SAU,0.0,UZB,2013
2117,BRA,"Growing vegetables, roots, tubers industry",SAU,7.697186763575507e-06,UZB,2013
2118,BRA,Growing sugar beet and cane industry,SAU,0.00024411614431234504,UZB,2013
2119,BRA,Growing tobacco industry,SAU,5.334070109227487e-06,UZB,2013
2120,BRA,Growing fibre crops industry,SAU,0.0006747952721429335,UZB,2013
2121,BRA,Growing crops n.e.c. industry,SAU,1.4601699338420959e-05,UZB,2013
2122,BRA,Growing grapes industry,SAU,7.178244609092155e-09,UZB,2013
2123,BRA,Growing fruits and nuts industry,SAU,0.0,UZB,2013
2124,BRA,"Growing beverage crops (coffee, tea etc) industry",SAU,0.0,UZB,2013
2125,BRA,"Growing spices, aromatic, drug and pharmaceutical crops industry",SAU,2.1414441861256769e-07,UZB,2013
2126,BRA,Seeds and plant propagation industry,SAU,0.0,UZB,2013
2127,BRA,Raising of cattle industry,SAU,0.00042109863666337714,UZB,2013
2128,BRA,Growing wheat industry,SDS,8.002387075850112e-06,UZB,2013
2129,BRA,Growing maize industry,SDS,0.00010565365727305269,UZB,2013
2130,BRA,Growing cereals n.e.c industry,SDS,4.680918576440872e-07,UZB,2013
2131,BRA,Growing leguminous crops and oil seeds industry,SDS,0.00018813928006354387,UZB,2013
2132,BRA,Growing rice industry,SDS,0.0,UZB,2013
2133,BRA,"Growing vegetables, roots, tubers industry",SDS,6.692064687741805e-08,UZB,2013
2134,BRA,Growing sugar beet and cane industry,SDS,2.29264814804933e-06,UZB,2013
2135,BRA,Growing tobacco industry,SDS,4.72758298985369e-08,UZB,2013
2136,BRA,Growing fibre crops industry,SDS,3.418429687731691e-06,UZB,2013
2137,BRA,Growing crops n.e.c. industry,SDS,1.1549649674248145e-07,UZB,2013
2138,BRA,Growing grapes industry,SDS,5.696086150402354e-11,UZB,2013
2139,BRA,Growing fruits and nuts industry,SDS,0.0,UZB,2013
2140,BRA,"Growing beverage crops (coffee, tea etc) industry",SDS,0.0,UZB,2013
2141,BRA,"Growing spices, aromatic, drug and pharmaceutical crops industry",SDS,9.446809246222297e-10,UZB,2013
2142,BRA,Seeds and plant propagation industry,SDS,0.0,UZB,2013
2143,BRA,Raising of cattle industry,SDS,2.8404163627562537e-06,UZB,2013
2144,BRA,Growing wheat industry,SEN,8.674022793394511e-05,UZB,2013
2145,BRA,Growing maize industry,SEN,0.00013204749649460448,UZB,2013
2146,BRA,Growing cereals n.e.c industry,SEN,2.451541416563309e-06,UZB,2013
2147,BRA,Growing leguminous crops and oil seeds industry,SEN,0.0006414762204270573,UZB,2013
2148,BRA,Growing rice industry,SEN,0.0,UZB,2013
2149,BRA,"Growing vegetables, roots, tubers industry",SEN,1.5865568958659792e-07,UZB,2013
2150,BRA,Growing sugar beet and cane industry,SEN,1.3194590693352543e-05,UZB,2013
2151,BRA,Growing tobacco industry,SEN,9.808052543389144e-08,UZB,2013
2152,BRA,Growing fibre crops industry,SEN,8.599864438335766e-06,UZB,2013
2153,BRA,Growing crops n.e.c. industry,SEN,6.940865918332368e-07,UZB,2013
2154,BRA,Growing grapes industry,SEN,4.648256294188504e-10,UZB,2013
2155,BRA,Growing fruits and nuts industry,SEN,0.0,UZB,2013
2156,BRA,"Growing beverage crops (coffee, tea etc) industry",SEN,0.0,UZB,2013
2157,BRA,"Growing spices, aromatic, drug and pharmaceutical crops industry",SEN,2.541192194403147e-09,UZB,2013
2158,BRA,Seeds and plant propagation industry,SEN,0.0,UZB,2013
2159,BRA,Raising of cattle industry,SEN,1.6592826360526417e-05,UZB,2013
2160,BRA,Growing wheat industry,SGP,0.0005724489376324455,UZB,2013
2161,BRA,Growing maize industry,SGP,0.0023479901225422523,UZB,2013
2162,BRA,Growing cereals n.e.c industry,SGP,5.6858349255626586e-05,UZB,2013
2163,BRA,Growing leguminous crops and oil seeds industry,SGP,0.01727161124086377,UZB,2013
2164,BRA,Growing rice industry,SGP,0.0,UZB,2013
2165,BRA,"Growing vegetables, roots, tubers industry",SGP,6.463919799107329e-06,UZB,2013
2166,BRA,Growing sugar beet and cane industry,SGP,0.0002308681280301079,UZB,2013
2167,BRA,Growing tobacco industry,SGP,4.01095919156406e-06,UZB,2013
2168,BRA,Growing fibre crops industry,SGP,0.00032318080659018945,UZB,2013
2169,BRA,Growing crops n.e.c. industry,SGP,9.631393357424632e-06,UZB,2013
2170,BRA,Growing grapes industry,SGP,6.5502376907467205e-09,UZB,2013
2171,BRA,Growing fruits and nuts industry,SGP,0.0,UZB,2013
2172,BRA,"Growing beverage crops (coffee, tea etc) industry",SGP,0.0,UZB,2013
2173,BRA,"Growing spices, aromatic, drug and pharmaceutical crops industry",SGP,1.1362340082874776e-07,UZB,2013
2174,BRA,Seeds and plant propagation industry,SGP,0.0,UZB,2013
2175,BRA,Raising of cattle industry,SGP,0.000360160128256588,UZB,2013
2176,BRA,Growing wheat industry,SLE,6.665575917743235e-06,UZB,2013
2177,BRA,Growing maize industry,SLE,2.1163086383813413e-05,UZB,2013
2178,BRA,Growing cereals n.e.c industry,SLE,2.905718832250494e-07,UZB,2013
2179,BRA,Growing leguminous crops and oil seeds industry,SLE,0.00013435824417803242,UZB,2013
2180,BRA,Growing rice industry,SLE,0.0,UZB,2013
2181,BRA,"Growing vegetables, roots, tubers industry",SLE,2.738825955363035e-08,UZB,2013
2182,BRA,Growing sugar beet and cane industry,SLE,1.1599820100723723e-06,UZB,2013
2183,BRA,Growing tobacco industry,SLE,1.698795105802498e-08,UZB,2013
2184,BRA,Growing fibre crops industry,SLE,2.043659043351782e-06,UZB,2013
2185,BRA,Growing crops n.e.c. industry,SLE,1.1295249480266487e-07,UZB,2013
2186,BRA,Growing grapes industry,SLE,2.751744181816792e-11,UZB,2013
2187,BRA,Growing fruits and nuts industry,SLE,0.0,UZB,2013
2188,BRA,"Growing beverage crops (coffee, tea etc) industry",SLE,0.0,UZB,2013
2189,BRA,"Growing spices, aromatic, drug and pharmaceutical crops industry",SLE,5.822324570082347e-10,UZB,2013
2190,BRA,Seeds and plant propagation industry,SLE,0.0,UZB,2013
2191,BRA,Raising of cattle industry,SLE,1.9313024486873533e-06,UZB,2013
2192,BRA,Growing wheat industry,SLV,2.527976334699093e-05,UZB,2013
2193,BRA,Growing maize industry,SLV,0.00010486951501894313,UZB,2013
2194,BRA,Growing cereals n.e.c industry,SLV,1.3734464225298317e-06,UZB,2013
2195,BRA,Growing leguminous crops and oil seeds industry,SLV,0.00042698458231113116,UZB,2013
2196,BRA,Growing rice industry,SLV,0.0,UZB,2013
2197,BRA,"Growing vegetables, roots, tubers industry",SLV,1.0258070868345546e-07,UZB,2013
2198,BRA,Growing sugar beet and cane industry,SLV,7.2191123128222045e-06,UZB,2013
2199,BRA,Growing tobacco industry,SLV,7.181812943684293e-08,UZB,2013
2200,BRA,Growing fibre crops industry,SLV,5.289659081841162e-06,UZB,2013
2201,BRA,Growing crops n.e.c. industry,SLV,4.090798630240242e-07,UZB,2013
2202,BRA,Growing grapes industry,SLV,1.549763748959562e-10,UZB,2013
2203,BRA,Growing fruits and nuts industry,SLV,0.0,UZB,2013
2204,BRA,"Growing beverage crops (coffee, tea etc) industry",SLV,0.0,UZB,2013
2205,BRA,"Growing spices, aromatic, drug and pharmaceutical crops industry",SLV,1.6185802825424333e-09,UZB,2013
2206,BRA,Seeds and plant propagation industry,SLV,0.0,UZB,2013
2207,BRA,Raising of cattle industry,SLV,9.02386028109476e-06,UZB,2013
2208,BRA,Growing wheat industry,SOM,9.129166979306277e-06,UZB,2013
2209,BRA,Growing maize industry,SOM,2.8322019678394498e-05,UZB,2013
2210,BRA,Growing cereals n.e.c industry,SOM,3.551793394104925e-07,UZB,2013
2211,BRA,Growing leguminous crops and oil seeds industry,SOM,0.00017964886510397755,UZB,2013
2212,BRA,Growing rice industry,SOM,0.0,UZB,2013
2213,BRA,"Growing vegetables, roots, tubers industry",SOM,3.743906414211857e-08,UZB,2013
2214,BRA,Growing sugar beet and cane industry,SOM,1.4643102548701589e-06,UZB,2013
2215,BRA,Growing tobacco industry,SOM,4.977517057442465e-08,UZB,2013
2216,BRA,Growing fibre crops industry,SOM,2.7718150513435044e-06,UZB,2013
2217,BRA,Growing crops n.e.c. industry,SOM,1.54835833918155e-07,UZB,2013
2218,BRA,Growing grapes industry,SOM,3.654842795207512e-11,UZB,2013
2219,BRA,Growing fruits and nuts industry,SOM,0.0,UZB,2013
2220,BRA,"Growing beverage crops (coffee, tea etc) industry",SOM,0.0,UZB,2013
2221,BRA,"Growing spices, aromatic, drug and pharmaceutical crops industry",SOM,8.094304383855972e-10,UZB,2013
2222,BRA,Seeds and plant propagation industry,SOM,0.0,UZB,2013
2223,BRA,Raising of cattle industry,SOM,2.5618626783484794e-06,UZB,2013
2224,BRA,Growing wheat industry,SRB,4.2456092783757966e-05,UZB,2013
2225,BRA,Growing maize industry,SRB,0.0001288931406308746,UZB,2013
2226,BRA,Growing cereals n.e.c industry,SRB,1.3883994051204385e-06,UZB,2013
2227,BRA,Growing leguminous crops and oil seeds industry,SRB,0.0006215902982125283,UZB,2013
2228,BRA,Growing rice industry,SRB,0.0,UZB,2013
2229,BRA,"Growing vegetables, roots, tubers industry",SRB,1.1042004436022139e-07,UZB,2013
2230,BRA,Growing sugar beet and cane industry,SRB,5.805427446145277e-06,UZB,2013
2231,BRA,Growing tobacco industry,SRB,7.78317479661654e-08,UZB,2013
2232,BRA,Growing fibre crops industry,SRB,7.818262160876873e-06,UZB,2013
2233,BRA,Growing crops n.e.c. industry,SRB,8.020082117714131e-07,UZB,2013
2234,BRA,Growing grapes industry,SRB,1.17442526518109e-10,UZB,2013
2235,BRA,Growing fruits and nuts industry,SRB,0.0,UZB,2013
2236,BRA,"Growing beverage crops (coffee, tea etc) industry",SRB,0.0,UZB,2013
2237,BRA,"Growing spices, aromatic, drug and pharmaceutical crops industry",SRB,2.1162839096249442e-09,UZB,2013
2238,BRA,Seeds and plant propagation industry,SRB,0.0,UZB,2013
2239,BRA,Raising of cattle industry,SRB,9.95791038997936e-06,UZB,2013
2240,BRA,Growing wheat industry,SDN,9.619553149337528e-05,UZB,2013
2241,BRA,Growing maize industry,SDN,0.00043737439837201976,UZB,2013
2242,BRA,Growing cereals n.e.c industry,SDN,5.113750176444266e-06,UZB,2013
2243,BRA,Growing leguminous crops and oil seeds industry,SDN,0.0015393079364709543,UZB,2013
2244,BRA,Growing rice industry,SDN,0.0,UZB,2013
2245,BRA,"Growing vegetables, roots, tubers industry",SDN,2.4377766043254374e-07,UZB,2013
2246,BRA,Growing sugar beet and cane industry,SDN,2.8756227271861694e-05,UZB,2013
2247,BRA,Growing tobacco industry,SDN,1.3211191072700367e-07,UZB,2013
2248,BRA,Growing fibre crops industry,SDN,1.5159756800354477e-05,UZB,2013
2249,BRA,Growing crops n.e.c. industry,SDN,1.8333171816228714e-06,UZB,2013
2250,BRA,Growing grapes industry,SDN,4.380199795739449e-10,UZB,2013
2251,BRA,Growing fruits and nuts industry,SDN,0.0,UZB,2013
2252,BRA,"Growing beverage crops (coffee, tea etc) industry",SDN,0.0,UZB,2013
2253,BRA,"Growing spices, aromatic, drug and pharmaceutical crops industry",SDN,4.293310810658921e-09,UZB,2013
2254,BRA,Seeds and plant propagation industry,SDN,0.0,UZB,2013
2255,BRA,Raising of cattle industry,SDN,3.514337039693615e-05,UZB,2013
2256,BRA,Growing wheat industry,SVK,0.0004758897588946087,UZB,2013
2257,BRA,Growing maize industry,SVK,0.0012197571461856978,UZB,2013
2258,BRA,Growing cereals n.e.c industry,SVK,1.5164267675811396e-05,UZB,2013
2259,BRA,Growing leguminous crops and oil seeds industry,SVK,0.014832544856988471,UZB,2013
2260,BRA,Growing rice industry,SVK,0.0,UZB,2013
2261,BRA,"Growing vegetables, roots, tubers industry",SVK,1.1761515486413404e-06,UZB,2013
2262,BRA,Growing sugar beet and cane industry,SVK,6.038039199180838e-05,UZB,2013
2263,BRA,Growing tobacco industry,SVK,7.834547077910477e-07,UZB,2013
2264,BRA,Growing fibre crops industry,SVK,0.0001209779451705724,UZB,2013
2265,BRA,Growing crops n.e.c. industry,SVK,8.295143881172645e-06,UZB,2013
2266,BRA,Growing grapes industry,SVK,1.2770694018625177e-09,UZB,2013
2267,BRA,Growing fruits and nuts industry,SVK,0.0,UZB,2013
2268,BRA,"Growing beverage crops (coffee, tea etc) industry",SVK,0.0,UZB,2013
2269,BRA,"Growing spices, aromatic, drug and pharmaceutical crops industry",SVK,2.8071325847495796e-08,UZB,2013
2270,BRA,Seeds and plant propagation industry,SVK,0.0,UZB,2013
2271,BRA,Raising of cattle industry,SVK,0.00012613934565504736,UZB,2013
2272,BRA,Growing wheat industry,SVN,5.457638001836054e-05,UZB,2013
2273,BRA,Growing maize industry,SVN,0.00021135581121856155,UZB,2013
2274,BRA,Growing cereals n.e.c industry,SVN,2.340612291718771e-06,UZB,2013
2275,BRA,Growing leguminous crops and oil seeds industry,SVN,0.002266224021349253,UZB,2013
2276,BRA,Growing rice industry,SVN,0.0,UZB,2013
2277,BRA,"Growing vegetables, roots, tubers industry",SVN,2.7331063764059406e-07,UZB,2013
2278,BRA,Growing sugar beet and cane industry,SVN,9.563782266219124e-06,UZB,2013
2279,BRA,Growing tobacco industry,SVN,1.7868306072492681e-07,UZB,2013
2280,BRA,Growing fibre crops industry,SVN,2.3290563222373605e-05,UZB,2013
2281,BRA,Growing crops n.e.c. industry,SVN,8.513180008266863e-07,UZB,2013
2282,BRA,Growing grapes industry,SVN,2.658431028251536e-10,UZB,2013
2283,BRA,Growing fruits and nuts industry,SVN,0.0,UZB,2013
2284,BRA,"Growing beverage crops (coffee, tea etc) industry",SVN,0.0,UZB,2013
2285,BRA,"Growing spices, aromatic, drug and pharmaceutical crops industry",SVN,7.000277942306948e-09,UZB,2013
2286,BRA,Seeds and plant propagation industry,SVN,0.0,UZB,2013
2287,BRA,Raising of cattle industry,SVN,1.7651809232159554e-05,UZB,2013
2288,BRA,Growing wheat industry,SWE,0.000297431135212233,UZB,2013
2289,BRA,Growing maize industry,SWE,0.0013077211238591625,UZB,2013
2290,BRA,Growing cereals n.e.c industry,SWE,1.0880826629624505e-05,UZB,2013
2291,BRA,Growing leguminous crops and oil seeds industry,SWE,0.019930464697052293,UZB,2013
2292,BRA,Growing rice industry,SWE,0.0,UZB,2013
2293,BRA,"Growing vegetables, roots, tubers industry",SWE,1.2371146677033488e-06,UZB,2013
2294,BRA,Growing sugar beet and cane industry,SWE,4.79740903595318e-05,UZB,2013
2295,BRA,Growing tobacco industry,SWE,8.097751732978373e-07,UZB,2013
2296,BRA,Growing fibre crops industry,SWE,9.490574756070373e-05,UZB,2013
2297,BRA,Growing crops n.e.c. industry,SWE,3.865842400098703e-06,UZB,2013
2298,BRA,Growing grapes industry,SWE,1.3763457062552074e-09,UZB,2013
2299,BRA,Growing fruits and nuts industry,SWE,0.0,UZB,2013
2300,BRA,"Growing beverage crops (coffee, tea etc) industry",SWE,0.0,UZB,2013
2301,BRA,"Growing spices, aromatic, drug and pharmaceutical crops industry",SWE,2.4668595898207836e-08,UZB,2013
2302,BRA,Seeds and plant propagation industry,SWE,0.0,UZB,2013
2303,BRA,Raising of cattle industry,SWE,8.359384144166302e-05,UZB,2013
2304,BRA,Growing wheat industry,SYR,7.239985154060202e-05,UZB,2013
2305,BRA,Growing maize industry,SYR,0.00026515763704020793,UZB,2013
2306,BRA,Growing cereals n.e.c industry,SYR,3.4987800510329454e-06,UZB,2013
2307,BRA,Growing leguminous crops and oil seeds industry,SYR,0.001590671631161859,UZB,2013
2308,BRA,Growing rice industry,SYR,0.0,UZB,2013
2309,BRA,"Growing vegetables, roots, tubers industry",SYR,4.142479341880565e-07,UZB,2013
2310,BRA,Growing sugar beet and cane industry,SYR,1.4439126652378784e-05,UZB,2013
2311,BRA,Growing tobacco industry,SYR,3.478446686279216e-07,UZB,2013
2312,BRA,Growing fibre crops industry,SYR,2.501516429804134e-05,UZB,2013
2313,BRA,Growing crops n.e.c. industry,SYR,1.4026949003434287e-06,UZB,2013
2314,BRA,Growing grapes industry,SYR,4.0786916929127143e-10,UZB,2013
2315,BRA,Growing fruits and nuts industry,SYR,0.0,UZB,2013
2316,BRA,"Growing beverage crops (coffee, tea etc) industry",SYR,0.0,UZB,2013
2317,BRA,"Growing spices, aromatic, drug and pharmaceutical crops industry",SYR,7.741425793769083e-09,UZB,2013
2318,BRA,Seeds and plant propagation industry,SYR,0.0,UZB,2013
2319,BRA,Raising of cattle industry,SYR,2.2123566552822738e-05,UZB,2013
2320,BRA,Growing wheat industry,TCD,8.632688591393806e-06,UZB,2013
2321,BRA,Growing maize industry,TCD,3.335375971905684e-05,UZB,2013
2322,BRA,Growing cereals n.e.c industry,TCD,4.3569464129032155e-07,UZB,2013
2323,BRA,Growing leguminous crops and oil seeds industry,TCD,0.0002567007085336882,UZB,2013
2324,BRA,Growing rice industry,TCD,0.0,UZB,2013
2325,BRA,"Growing vegetables, roots, tubers industry",TCD,5.901956429602862e-08,UZB,2013
2326,BRA,Growing sugar beet and cane industry,TCD,1.817104196247958e-06,UZB,2013
2327,BRA,Growing tobacco industry,TCD,4.2759572891263105e-08,UZB,2013
2328,BRA,Growing fibre crops industry,TCD,4.886319606730582e-06,UZB,2013
2329,BRA,Growing crops n.e.c. industry,TCD,1.3405131426124912e-07,UZB,2013
2330,BRA,Growing grapes industry,TCD,5.472801711346931e-11,UZB,2013
2331,BRA,Growing fruits and nuts industry,TCD,0.0,UZB,2013
2332,BRA,"Growing beverage crops (coffee, tea etc) industry",TCD,0.0,UZB,2013
2333,BRA,"Growing spices, aromatic, drug and pharmaceutical crops industry",TCD,1.3313862127480873e-09,UZB,2013
2334,BRA,Seeds and plant propagation industry,TCD,0.0,UZB,2013
2335,BRA,Raising of cattle industry,TCD,3.076631721464685e-06,UZB,2013
2336,BRA,Growing wheat industry,TGO,3.7133207124161564e-06,UZB,2013
2337,BRA,Growing maize industry,TGO,1.4580561021449845e-05,UZB,2013
2338,BRA,Growing cereals n.e.c industry,TGO,1.6337703020381227e-07,UZB,2013
2339,BRA,Growing leguminous crops and oil seeds industry,TGO,0.00011986172166524241,UZB,2013
2340,BRA,Growing rice industry,TGO,0.0,UZB,2013
2341,BRA,"Growing vegetables, roots, tubers industry",TGO,1.9737431993422523e-08,UZB,2013
2342,BRA,Growing sugar beet and cane industry,TGO,6.695879691602182e-07,UZB,2013
2343,BRA,Growing tobacco industry,TGO,1.3487943758563206e-08,UZB,2013
2344,BRA,Growing fibre crops industry,TGO,1.7638540945895246e-06,UZB,2013
2345,BRA,Growing crops n.e.c. industry,TGO,6.059165979846132e-08,UZB,2013
2346,BRA,Growing grapes industry,TGO,1.8859402768443516e-11,UZB,2013
2347,BRA,Growing fruits and nuts industry,TGO,0.0,UZB,2013
2348,BRA,"Growing beverage crops (coffee, tea etc) industry",TGO,0.0,UZB,2013
2349,BRA,"Growing spices, aromatic, drug and pharmaceutical crops industry",TGO,4.0855678842305864e-10,UZB,2013
2350,BRA,Seeds and plant propagation industry,TGO,0.0,UZB,2013
2351,BRA,Raising of cattle industry,TGO,1.1596461457002587e-06,UZB,2013
2352,BRA,Growing wheat industry,THA,0.0017417733408097537,UZB,2013
2353,BRA,Growing maize industry,THA,0.0037121706193990723,UZB,2013
2354,BRA,Growing cereals n.e.c industry,THA,4.380383527499674e-05,UZB,2013
2355,BRA,Growing leguminous crops and oil seeds industry,THA,0.16107511582809558,UZB,2013
2356,BRA,Growing rice industry,THA,0.0,UZB,2013
2357,BRA,"Growing vegetables, roots, tubers industry",THA,3.7121454866600835e-06,UZB,2013
2358,BRA,Growing sugar beet and cane industry,THA,0.0001973754657347917,UZB,2013
2359,BRA,Growing tobacco industry,THA,2.2111179052087648e-06,UZB,2013
2360,BRA,Growing fibre crops industry,THA,0.00027093603795462197,UZB,2013
2361,BRA,Growing crops n.e.c. industry,THA,1.9624916686906586e-05,UZB,2013
2362,BRA,Growing grapes industry,THA,5.638534860167166e-09,UZB,2013
2363,BRA,Growing fruits and nuts industry,THA,0.0,UZB,2013
2364,BRA,"Growing beverage crops (coffee, tea etc) industry",THA,0.0,UZB,2013
2365,BRA,"Growing spices, aromatic, drug and pharmaceutical crops industry",THA,7.693099432251887e-08,UZB,2013
2366,BRA,Seeds and plant propagation industry,THA,0.0,UZB,2013
2367,BRA,Raising of cattle industry,THA,0.0004070218154163193,UZB,2013
2368,BRA,Growing wheat industry,TJK,0.0096622313873755,UZB,2013
2369,BRA,Growing maize industry,TJK,0.026488876818902513,UZB,2013
2370,BRA,Growing cereals n.e.c industry,TJK,0.0002511736481708204,UZB,2013
2371,BRA,Growing leguminous crops and oil seeds industry,TJK,0.7913527499107602,UZB,2013
2372,BRA,Growing rice industry,TJK,0.0,UZB,2013
2373,BRA,"Growing vegetables, roots, tubers industry",TJK,1.5148524524373803e-05,UZB,2013
2374,BRA,Growing sugar beet and cane industry,TJK,0.001127195709185312,UZB,2013
2375,BRA,Growing tobacco industry,TJK,0.0034159683398568737,UZB,2013
2376,BRA,Growing fibre crops industry,TJK,0.001506561405090214,UZB,2013
2377,BRA,Growing crops n.e.c. industry,TJK,0.00012755914078971118,UZB,2013
2378,BRA,Growing grapes industry,TJK,2.794105353420409e-08,UZB,2013
2379,BRA,Growing fruits and nuts industry,TJK,0.0,UZB,2013
2380,BRA,"Growing beverage crops (coffee, tea etc) industry",TJK,0.0,UZB,2013
2381,BRA,"Growing spices, aromatic, drug and pharmaceutical crops industry",TJK,3.6079787292821815e-07,UZB,2013
2382,BRA,Seeds and plant propagation industry,TJK,0.0,UZB,2013
2383,BRA,Raising of cattle industry,TJK,0.0022590120964746823,UZB,2013
2384,BRA,Growing wheat industry,TKM,0.0023538557147477802,UZB,2013
2385,BRA,Growing maize industry,TKM,0.014970009768088039,UZB,2013
2386,BRA,Growing cereals n.e.c industry,TKM,7.031808000150221e-05,UZB,2013
2387,BRA,Growing leguminous crops and oil seeds industry,TKM,0.10463039621582094,UZB,2013
2388,BRA,Growing rice industry,TKM,0.0,UZB,2013
2389,BRA,"Growing vegetables, roots, tubers industry",TKM,3.848638642767419e-06,UZB,2013
2390,BRA,Growing sugar beet and cane industry,TKM,0.00038974967656317115,UZB,2013
2391,BRA,Growing tobacco industry,TKM,0.0033774446838732955,UZB,2013
2392,BRA,Growing fibre crops industry,TKM,0.0001986115996848788,UZB,2013
2393,BRA,Growing crops n.e.c. industry,TKM,4.0612831086328944e-05,UZB,2013
2394,BRA,Growing grapes industry,TKM,9.255688665475965e-09,UZB,2013
2395,BRA,Growing fruits and nuts industry,TKM,0.0,UZB,2013
2396,BRA,"Growing beverage crops (coffee, tea etc) industry",TKM,0.0,UZB,2013
2397,BRA,"Growing spices, aromatic, drug and pharmaceutical crops industry",TKM,6.983363242582132e-08,UZB,2013
2398,BRA,Seeds and plant propagation industry,TKM,0.0,UZB,2013
2399,BRA,Raising of cattle industry,TKM,0.0006048583648113141,UZB,2013
2400,BRA,Growing wheat industry,TUN,0.00013536098531367676,UZB,2013
2401,BRA,Growing maize industry,TUN,0.0011081314991445432,UZB,2013
2402,BRA,Growing cereals n.e.c industry,TUN,4.96443897634883e-06,UZB,2013
2403,BRA,Growing leguminous crops and oil seeds industry,TUN,0.011995398674720633,UZB,2013
2404,BRA,Growing rice industry,TUN,0.0,UZB,2013
2405,BRA,"Growing vegetables, roots, tubers industry",TUN,4.732914579980912e-07,UZB,2013
2406,BRA,Growing sugar beet and cane industry,TUN,2.2057243164329054e-05,UZB,2013
2407,BRA,Growing tobacco industry,TUN,2.636573505230002e-07,UZB,2013
2408,BRA,Growing fibre crops industry,TUN,5.6243143062266776e-05,UZB,2013
2409,BRA,Growing crops n.e.c. industry,TUN,1.8448355340338079e-06,UZB,2013
2410,BRA,Growing grapes industry,TUN,8.883666762189988e-10,UZB,2013
2411,BRA,Growing fruits and nuts industry,TUN,0.0,UZB,2013
2412,BRA,"Growing beverage crops (coffee, tea etc) industry",TUN,0.0,UZB,2013
2413,BRA,"Growing spices, aromatic, drug and pharmaceutical crops industry",TUN,1.1749710715964523e-08,UZB,2013
2414,BRA,Seeds and plant propagation industry,TUN,0.0,UZB,2013
2415,BRA,Raising of cattle industry,TUN,4.528124185234155e-05,UZB,2013
2416,BRA,Growing wheat industry,TUR,0.010911858703710366,UZB,2013
2417,BRA,Growing maize industry,TUR,0.03374075088897347,UZB,2013
2418,BRA,Growing cereals n.e.c industry,TUR,0.0004143574647919716,UZB,2013
2419,BRA,Growing leguminous crops and oil seeds industry,TUR,0.7682895251677695,UZB,2013
2420,BRA,Growing rice industry,TUR,0.0,UZB,2013
2421,BRA,"Growing vegetables, roots, tubers industry",TUR,5.08126266561579e-05,UZB,2013
2422,BRA,Growing sugar beet and cane industry,TUR,0.001667739066110161,UZB,2013
2423,BRA,Growing tobacco industry,TUR,2.8074584919527116e-05,UZB,2013
2424,BRA,Growing fibre crops industry,TUR,0.006100242262661704,UZB,2013
2425,BRA,Growing crops n.e.c. industry,TUR,0.00013201948818791895,UZB,2013
2426,BRA,Growing grapes industry,TUR,4.956017837532949e-08,UZB,2013
2427,BRA,Growing fruits and nuts industry,TUR,0.0,UZB,2013
2428,BRA,"Growing beverage crops (coffee, tea etc) industry",TUR,0.0,UZB,2013
2429,BRA,"Growing spices, aromatic, drug and pharmaceutical crops industry",TUR,1.2638490203735564e-06,UZB,2013
2430,BRA,Seeds and plant propagation industry,TUR,0.0,UZB,2013
2431,BRA,Raising of cattle industry,TUR,0.003919904510534244,UZB,2013
2432,BRA,Growing wheat industry,TZA,3.0160645678320427e-05,UZB,2013
2433,BRA,Growing maize industry,TZA,0.00010546804212235103,UZB,2013
2434,BRA,Growing cereals n.e.c industry,TZA,1.267832933163655e-06,UZB,2013
2435,BRA,Growing leguminous crops and oil seeds industry,TZA,0.0008255152245117101,UZB,2013
2436,BRA,Growing rice industry,TZA,0.0,UZB,2013
2437,BRA,"Growing vegetables, roots, tubers industry",TZA,1.5412639574860858e-07,UZB,2013
2438,BRA,Growing sugar beet and cane industry,TZA,5.2145414918487334e-06,UZB,2013
2439,BRA,Growing tobacco industry,TZA,1.0264677744879321e-07,UZB,2013
2440,BRA,Growing fibre crops industry,TZA,1.283552427985371e-05,UZB,2013
2441,BRA,Growing crops n.e.c. industry,TZA,4.896731500801441e-07,UZB,2013
2442,BRA,Growing grapes industry,TZA,1.4650434928452266e-10,UZB,2013
2443,BRA,Growing fruits and nuts industry,TZA,0.0,UZB,2013
2444,BRA,"Growing beverage crops (coffee, tea etc) industry",TZA,0.0,UZB,2013
2445,BRA,"Growing spices, aromatic, drug and pharmaceutical crops industry",TZA,3.3669208303977258e-09,UZB,2013
2446,BRA,Seeds and plant propagation industry,TZA,0.0,UZB,2013
2447,BRA,Raising of cattle industry,TZA,9.061797987115924e-06,UZB,2013
2448,BRA,Growing wheat industry,UGA,0.00035307552238821895,UZB,2013
2449,BRA,Growing maize industry,UGA,0.0006861753531321232,UZB,2013
2450,BRA,Growing cereals n.e.c industry,UGA,9.257694456060187e-06,UZB,2013
2451,BRA,Growing leguminous crops and oil seeds industry,UGA,0.0027173541210260507,UZB,2013
2452,BRA,Growing rice industry,UGA,0.0,UZB,2013
2453,BRA,"Growing vegetables, roots, tubers industry",UGA,2.3659056941669185e-07,UZB,2013
2454,BRA,Growing sugar beet and cane industry,UGA,3.630843081552218e-05,UZB,2013
2455,BRA,Growing tobacco industry,UGA,1.4210061582260657e-07,UZB,2013
2456,BRA,Growing fibre crops industry,UGA,2.6357237213652643e-05,UZB,2013
2457,BRA,Growing crops n.e.c. industry,UGA,7.188585185398466e-06,UZB,2013
2458,BRA,Growing grapes industry,UGA,3.880040420545852e-10,UZB,2013
2459,BRA,Growing fruits and nuts industry,UGA,0.0,UZB,2013
2460,BRA,"Growing beverage crops (coffee, tea etc) industry",UGA,0.0,UZB,2013
2461,BRA,"Growing spices, aromatic, drug and pharmaceutical crops industry",UGA,5.2501281820210096e-09,UZB,2013
2462,BRA,Seeds and plant propagation industry,UGA,0.0,UZB,2013
2463,BRA,Raising of cattle industry,UGA,6.91558159455851e-05,UZB,2013
2464,BRA,Growing wheat industry,UKR,0.008227530208760991,UZB,2013
2465,BRA,Growing maize industry,UKR,0.025819020169705748,UZB,2013
2466,BRA,Growing cereals n.e.c industry,UKR,0.00033417196835577433,UZB,2013
2467,BRA,Growing leguminous crops and oil seeds industry,UKR,0.18672995478541513,UZB,2013
2468,BRA,Growing rice industry,UKR,0.0,UZB,2013
2469,BRA,"Growing vegetables, roots, tubers industry",UKR,4.526304625918234e-05,UZB,2013
2470,BRA,Growing sugar beet and cane industry,UKR,0.001455650876933554,UZB,2013
2471,BRA,Growing tobacco industry,UKR,2.9778116544814044e-05,UZB,2013
2472,BRA,Growing fibre crops industry,UKR,0.002114421053473923,UZB,2013
2473,BRA,Growing crops n.e.c. industry,UKR,0.0001520554688994885,UZB,2013
2474,BRA,Growing grapes industry,UKR,4.214242226249679e-08,UZB,2013
2475,BRA,Growing fruits and nuts industry,UKR,0.0,UZB,2013
2476,BRA,"Growing beverage crops (coffee, tea etc) industry",UKR,0.0,UZB,2013
2477,BRA,"Growing spices, aromatic, drug and pharmaceutical crops industry",UKR,6.402303651574221e-07,UZB,2013
2478,BRA,Seeds and plant propagation industry,UKR,0.0,UZB,2013
2479,BRA,Raising of cattle industry,UKR,0.0022502135802689506,UZB,2013
2480,BRA,Growing wheat industry,URY,1.9622297540937272e-05,UZB,2013
2481,BRA,Growing maize industry,URY,7.162043493515485e-05,UZB,2013
2482,BRA,Growing cereals n.e.c industry,URY,8.135420189521132e-07,UZB,2013
2483,BRA,Growing leguminous crops and oil seeds industry,URY,0.0006151078725424268,UZB,2013
2484,BRA,Growing rice industry,URY,0.0,UZB,2013
2485,BRA,"Growing vegetables, roots, tubers industry",URY,9.731403831914739e-08,UZB,2013
2486,BRA,Growing sugar beet and cane industry,URY,3.366425690486221e-06,UZB,2013
2487,BRA,Growing tobacco industry,URY,6.404846745560467e-08,UZB,2013
2488,BRA,Growing fibre crops industry,URY,8.531412032749552e-06,UZB,2013
2489,BRA,Growing crops n.e.c. industry,URY,3.1064307569432277e-07,UZB,2013
2490,BRA,Growing grapes industry,URY,9.288467162195398e-11,UZB,2013
2491,BRA,Growing fruits and nuts industry,URY,0.0,UZB,2013
2492,BRA,"Growing beverage crops (coffee, tea etc) industry",URY,0.0,UZB,2013
2493,BRA,"Growing spices, aromatic, drug and pharmaceutical crops industry",URY,2.1823292198693382e-09,UZB,2013
2494,BRA,Seeds and plant propagation industry,URY,0.0,UZB,2013
2495,BRA,Raising of cattle industry,URY,5.890451797333546e-06,UZB,2013
2496,BRA,Growing wheat industry,USA,0.005717920735011696,UZB,2013
2497,BRA,Growing maize industry,USA,0.02365622674833681,UZB,2013
2498,BRA,Growing cereals n.e.c industry,USA,0.0002702060007078812,UZB,2013
2499,BRA,Growing leguminous crops and oil seeds industry,USA,0.2282131970281399,UZB,2013
2500,BRA,Growing rice industry,USA,0.0,UZB,2013
2501,BRA,"Growing vegetables, roots, tubers industry",USA,3.017485525019959e-05,UZB,2013
2502,BRA,Growing sugar beet and cane industry,USA,0.001134304256859228,UZB,2013
2503,BRA,Growing tobacco industry,USA,3.265890148256606e-05,UZB,2013
2504,BRA,Growing fibre crops industry,USA,0.0027397546245899376,UZB,2013
2505,BRA,Growing crops n.e.c. industry,USA,8.748888923495936e-05,UZB,2013
2506,BRA,Growing grapes industry,USA,2.960725889516735e-08,UZB,2013
2507,BRA,Growing fruits and nuts industry,USA,0.0,UZB,2013
2508,BRA,"Growing beverage crops (coffee, tea etc) industry",USA,0.0,UZB,2013
2509,BRA,"Growing spices, aromatic, drug and pharmaceutical crops industry",USA,7.76344154484908e-07,UZB,2013
2510,BRA,Seeds and plant propagation industry,USA,0.0,UZB,2013
2511,BRA,Raising of cattle industry,USA,0.0021209146147911345,UZB,2013
2512,BRA,Growing wheat industry,UZB,0.0,UZB,2013
2513,BRA,Growing maize industry,UZB,0.0,UZB,2013
2514,BRA,Growing cereals n.e.c industry,UZB,0.0,UZB,2013
2515,BRA,Growing leguminous crops and oil seeds industry,UZB,0.0,UZB,2013
2516,BRA,Growing rice industry,UZB,0.0,UZB,2013
2517,BRA,"Growing vegetables, roots, tubers industry",UZB,0.0,UZB,2013
2518,BRA,Growing sugar beet and cane industry,UZB,0.0,UZB,2013
2519,BRA,Growing tobacco industry,UZB,0.0,UZB,2013
2520,BRA,Growing fibre crops industry,UZB,0.0,UZB,2013
2521,BRA,Growing crops n.e.c. industry,UZB,0.0,UZB,2013
2522,BRA,Growing grapes industry,UZB,0.0,UZB,2013
2523,BRA,Growing fruits and nuts industry,UZB,0.0,UZB,2013
2524,BRA,"Growing beverage crops (coffee, tea etc) industry",UZB,0.0,UZB,2013
2525,BRA,"Growing spices, aromatic, drug and pharmaceutical crops industry",UZB,0.0,UZB,2013
2526,BRA,Seeds and plant propagation industry,UZB,0.0,UZB,2013
2527,BRA,Raising of cattle industry,UZB,0.0,UZB,2013
2528,BRA,Growing wheat industry,VEN,9.338395664600335e-05,UZB,2013
2529,BRA,Growing maize industry,VEN,0.0003475781647756063,UZB,2013
2530,BRA,Growing cereals n.e.c industry,VEN,4.3405170512213444e-06,UZB,2013
2531,BRA,Growing leguminous crops and oil seeds industry,VEN,0.00410429812470649,UZB,2013
2532,BRA,Growing rice industry,VEN,0.0,UZB,2013
2533,BRA,"Growing vegetables, roots, tubers industry",VEN,5.352669085398453e-07,UZB,2013
2534,BRA,Growing sugar beet and cane industry,VEN,1.77795448975146e-05,UZB,2013
2535,BRA,Growing tobacco industry,VEN,3.645791608624119e-07,UZB,2013
2536,BRA,Growing fibre crops industry,VEN,5.13612949163873e-05,UZB,2013
2537,BRA,Growing crops n.e.c. industry,VEN,1.3942445213084167e-06,UZB,2013
2538,BRA,Growing grapes industry,VEN,5.056697064242825e-10,UZB,2013
2539,BRA,Growing fruits and nuts industry,VEN,0.0,UZB,2013
2540,BRA,"Growing beverage crops (coffee, tea etc) industry",VEN,0.0,UZB,2013
2541,BRA,"Growing spices, aromatic, drug and pharmaceutical crops industry",VEN,1.2541921564779019e-08,UZB,2013
2542,BRA,Seeds and plant propagation industry,VEN,0.0,UZB,2013
2543,BRA,Raising of cattle industry,VEN,3.2795361366997165e-05,UZB,2013
2544,BRA,Growing wheat industry,VNM,0.002427555952621719,UZB,2013
2545,BRA,Growing maize industry,VNM,0.005863091388324656,UZB,2013
2546,BRA,Growing cereals n.e.c industry,VNM,7.035288284208974e-05,UZB,2013
2547,BRA,Growing leguminous crops and oil seeds industry,VNM,0.13477462426266384,UZB,2013
2548,BRA,Growing rice industry,VNM,0.0,UZB,2013
2549,BRA,"Growing vegetables, roots, tubers industry",VNM,5.9378445105201596e-06,UZB,2013
2550,BRA,Growing sugar beet and cane industry,VNM,0.00028090580367559284,UZB,2013
2551,BRA,Growing tobacco industry,VNM,3.0523383997364033e-06,UZB,2013
2552,BRA,Growing fibre crops industry,VNM,0.0008034567767215794,UZB,2013
2553,BRA,Growing crops n.e.c. industry,VNM,3.5560698962334414e-05,UZB,2013
2554,BRA,Growing grapes industry,VNM,6.832230267936828e-09,UZB,2013
2555,BRA,Growing fruits and nuts industry,VNM,0.0,UZB,2013
2556,BRA,"Growing beverage crops (coffee, tea etc) industry",VNM,0.0,UZB,2013
2557,BRA,"Growing spices, aromatic, drug and pharmaceutical crops industry",VNM,1.4687329834639274e-07,UZB,2013
2558,BRA,Seeds and plant propagation industry,VNM,0.0,UZB,2013
2559,BRA,Raising of cattle industry,VNM,0.0006574132546985459,UZB,2013
2560,BRA,Growing wheat industry,YEM,3.6496603313480294e-05,UZB,2013
2561,BRA,Growing maize industry,YEM,0.0001217870808394635,UZB,2013
2562,BRA,Growing cereals n.e.c industry,YEM,1.4370630712414177e-06,UZB,2013
2563,BRA,Growing leguminous crops and oil seeds industry,YEM,0.0008760986032194505,UZB,2013
2564,BRA,Growing rice industry,YEM,0.0,UZB,2013
2565,BRA,"Growing vegetables, roots, tubers industry",YEM,1.5851565861523827e-07,UZB,2013
2566,BRA,Growing sugar beet and cane industry,YEM,5.9043498635042824e-06,UZB,2013
2567,BRA,Growing tobacco industry,YEM,1.0459061395115534e-07,UZB,2013
2568,BRA,Growing fibre crops industry,YEM,1.2848751991328683e-05,UZB,2013
2569,BRA,Growing crops n.e.c. industry,YEM,6.210305168481636e-07,UZB,2013
2570,BRA,Growing grapes industry,YEM,1.5372062796338732e-10,UZB,2013
2571,BRA,Growing fruits and nuts industry,YEM,0.0,UZB,2013
2572,BRA,"Growing beverage crops (coffee, tea etc) industry",YEM,0.0,UZB,2013
2573,BRA,"Growing spices, aromatic, drug and pharmaceutical crops industry",YEM,5.089491939364919e-09,UZB,2013
2574,BRA,Seeds and plant propagation industry,YEM,0.0,UZB,2013
2575,BRA,Raising of cattle industry,YEM,1.0156297254826196e-05,UZB,2013
2576,BRA,Growing wheat industry,ZAF,0.000225791663052146,UZB,2013
2577,BRA,Growing maize industry,ZAF,0.0007851623561061251,UZB,2013
2578,BRA,Growing cereals n.e.c industry,ZAF,9.27478901090285e-06,UZB,2013
2579,BRA,Growing leguminous crops and oil seeds industry,ZAF,0.0070517098521109345,UZB,2013
2580,BRA,Growing rice industry,ZAF,0.0,UZB,2013
2581,BRA,"Growing vegetables, roots, tubers industry",ZAF,1.0697073339576668e-06,UZB,2013
2582,BRA,Growing sugar beet and cane industry,ZAF,3.799975341920601e-05,UZB,2013
2583,BRA,Growing tobacco industry,ZAF,7.226322330192783e-07,UZB,2013
2584,BRA,Growing fibre crops industry,ZAF,9.193720691154081e-05,UZB,2013
2585,BRA,Growing crops n.e.c. industry,ZAF,3.5068603151181988e-06,UZB,2013
2586,BRA,Growing grapes industry,ZAF,1.0312451617389076e-09,UZB,2013
2587,BRA,Growing fruits and nuts industry,ZAF,0.0,UZB,2013
2588,BRA,"Growing beverage crops (coffee, tea etc) industry",ZAF,0.0,UZB,2013
2589,BRA,"Growing spices, aromatic, drug and pharmaceutical crops industry",ZAF,2.3486267217968807e-08,UZB,2013
2590,BRA,Seeds and plant propagation industry,ZAF,0.0,UZB,2013
2591,BRA,Raising of cattle industry,ZAF,6.749382357442522e-05,UZB,2013
2592,BRA,Growing wheat industry,ZMB,0.00014647329593902745,UZB,2013
2593,BRA,Growing maize industry,ZMB,0.0002850302155003487,UZB,2013
2594,BRA,Growing cereals n.e.c industry,ZMB,3.841584668279819e-06,UZB,2013
2595,BRA,Growing leguminous crops and oil seeds industry,ZMB,0.0011731692715868539,UZB,2013
2596,BRA,Growing rice industry,ZMB,0.0,UZB,2013
2597,BRA,"Growing vegetables, roots, tubers industry",ZMB,1.2121880210084083e-07,UZB,2013
2598,BRA,Growing sugar beet and cane industry,ZMB,1.5444624151988133e-05,UZB,2013
2599,BRA,Growing tobacco industry,ZMB,7.220935546496905e-08,UZB,2013
2600,BRA,Growing fibre crops industry,ZMB,1.1300956129438724e-05,UZB,2013
2601,BRA,Growing crops n.e.c. industry,ZMB,2.8629603643290805e-06,UZB,2013
2602,BRA,Growing grapes industry,ZMB,1.8018481806122452e-10,UZB,2013
2603,BRA,Growing fruits and nuts industry,ZMB,0.0,UZB,2013
2604,BRA,"Growing beverage crops (coffee, tea etc) industry",ZMB,0.0,UZB,2013
2605,BRA,"Growing spices, aromatic, drug and pharmaceutical crops industry",ZMB,2.7011569685248993e-09,UZB,2013
2606,BRA,Seeds and plant propagation industry,ZMB,0.0,UZB,2013
2607,BRA,Raising of cattle industry,ZMB,2.9237902093082404e-05,UZB,2013
2608,BRA,Growing wheat industry,ZWE,2.2189554832560592e-05,UZB,2013
2609,BRA,Growing maize industry,ZWE,0.00013263909527759033,UZB,2013
2610,BRA,Growing cereals n.e.c industry,ZWE,8.124293782640388e-07,UZB,2013
2611,BRA,Growing leguminous crops and oil seeds industry,ZWE,0.0008553059429626416,UZB,2013
2612,BRA,Growing rice industry,ZWE,0.0,UZB,2013
2613,BRA,"Growing vegetables, roots, tubers industry",ZWE,7.331229001067838e-08,UZB,2013
2614,BRA,Growing sugar beet and cane industry,ZWE,3.5941609075681935e-06,UZB,2013
2615,BRA,Growing tobacco industry,ZWE,5.0948804021765496e-08,UZB,2013
2616,BRA,Growing fibre crops industry,ZWE,5.8482598130664525e-06,UZB,2013
2617,BRA,Growing crops n.e.c. industry,ZWE,3.764736484132903e-07,UZB,2013
2618,BRA,Growing grapes industry,ZWE,1.1147472631532314e-10,UZB,2013
2619,BRA,Growing fruits and nuts industry,ZWE,0.0,UZB,2013
2620,BRA,"Growing beverage crops (coffee, tea etc) industry",ZWE,0.0,UZB,2013
2621,BRA,"Growing spices, aromatic, drug and pharmaceutical crops industry",ZWE,1.5708313116432827e-09,UZB,2013
2622,BRA,Seeds and plant propagation industry,ZWE,0.0,UZB,2013
2623,BRA,Raising of cattle industry,ZWE,6.131814290036496e-06,UZB,2013
