,Origin_country,Origin_Sector,Destination_country,value,Transition_country,Year
0,IDN,Growing wheat industry,XAM,0.0,SRB,2012
1,IDN,Growing maize industry,XAM,0.0006427447460240017,SRB,2012
2,IDN,Growing cereals n.e.c industry,XAM,0.0,SRB,2012
3,IDN,Growing leguminous crops and oil seeds industry,XAM,0.023070701653518495,SRB,2012
4,IDN,Growing rice industry,XAM,6.04622622996549e-07,SRB,2012
5,IDN,"Growing vegetables, roots, tubers industry",XAM,0.0,SRB,2012
6,IDN,Growing sugar beet and cane industry,XAM,0.0002744080411905431,SRB,2012
7,IDN,Growing tobacco industry,XAM,0.00019004598888001183,SRB,2012
8,IDN,Growing fibre crops industry,XAM,6.033736724466993e-09,SRB,2012
9,IDN,Growing crops n.e.c. industry,XAM,0.0012456805362350788,SRB,2012
10,IDN,Growing grapes industry,XAM,0.0,SRB,2012
11,IDN,Growing fruits and nuts industry,XAM,0.0009271666687453924,SRB,2012
12,IDN,"Growing beverage crops (coffee, tea etc) industry",XAM,0.00011731630060672162,SRB,2012
13,IDN,"Growing spices, aromatic, drug and pharmaceutical crops industry",XAM,0.00039760003245197103,SRB,2012
14,IDN,Seeds and plant propagation industry,XAM,0.0,SRB,2012
15,IDN,Raising of cattle industry,XAM,0.0002421337307182963,SRB,2012
16,IDN,Growing wheat industry,XEU,0.0,SRB,2012
17,IDN,Growing maize industry,XEU,0.00018013417237595545,SRB,2012
18,IDN,Growing cereals n.e.c industry,XEU,0.0,SRB,2012
19,IDN,Growing leguminous crops and oil seeds industry,XEU,0.0044315963184037915,SRB,2012
20,IDN,Growing rice industry,XEU,1.4278379449377916e-07,SRB,2012
21,IDN,"Growing vegetables, roots, tubers industry",XEU,0.0,SRB,2012
22,IDN,Growing sugar beet and cane industry,XEU,6.160641280110998e-05,SRB,2012
23,IDN,Growing tobacco industry,XEU,5.553033220791262e-05,SRB,2012
24,IDN,Growing fibre crops industry,XEU,2.2598354551039254e-09,SRB,2012
25,IDN,Growing crops n.e.c. industry,XEU,0.0002704267658052263,SRB,2012
26,IDN,Growing grapes industry,XEU,0.0,SRB,2012
27,IDN,Growing fruits and nuts industry,XEU,0.0003165613895287356,SRB,2012
28,IDN,"Growing beverage crops (coffee, tea etc) industry",XEU,3.311853685968952e-05,SRB,2012
29,IDN,"Growing spices, aromatic, drug and pharmaceutical crops industry",XEU,9.109895029238297e-05,SRB,2012
30,IDN,Seeds and plant propagation industry,XEU,0.0,SRB,2012
31,IDN,Raising of cattle industry,XEU,6.297396295861203e-05,SRB,2012
32,IDN,Growing wheat industry,XAF,0.0,SRB,2012
33,IDN,Growing maize industry,XAF,2.636329069851978e-05,SRB,2012
34,IDN,Growing cereals n.e.c industry,XAF,0.0,SRB,2012
35,IDN,Growing leguminous crops and oil seeds industry,XAF,0.0007363722985638809,SRB,2012
36,IDN,Growing rice industry,XAF,2.1630008105317736e-08,SRB,2012
37,IDN,"Growing vegetables, roots, tubers industry",XAF,0.0,SRB,2012
38,IDN,Growing sugar beet and cane industry,XAF,1.1740248986828936e-05,SRB,2012
39,IDN,Growing tobacco industry,XAF,1.3788163188572594e-05,SRB,2012
40,IDN,Growing fibre crops industry,XAF,3.3302756509215965e-10,SRB,2012
41,IDN,Growing crops n.e.c. industry,XAF,6.040948141941385e-05,SRB,2012
42,IDN,Growing grapes industry,XAF,0.0,SRB,2012
43,IDN,Growing fruits and nuts industry,XAF,3.554121161931229e-05,SRB,2012
44,IDN,"Growing beverage crops (coffee, tea etc) industry",XAF,7.281008399139338e-06,SRB,2012
45,IDN,"Growing spices, aromatic, drug and pharmaceutical crops industry",XAF,1.685648683939493e-05,SRB,2012
46,IDN,Seeds and plant propagation industry,XAF,0.0,SRB,2012
47,IDN,Raising of cattle industry,XAF,1.1777035823127292e-05,SRB,2012
48,IDN,Growing wheat industry,XAS,0.0,SRB,2012
49,IDN,Growing maize industry,XAS,3.324224309185812e-05,SRB,2012
50,IDN,Growing cereals n.e.c industry,XAS,0.0,SRB,2012
51,IDN,Growing leguminous crops and oil seeds industry,XAS,0.0008932495940449856,SRB,2012
52,IDN,Growing rice industry,XAS,2.5101257777396592e-08,SRB,2012
53,IDN,"Growing vegetables, roots, tubers industry",XAS,0.0,SRB,2012
54,IDN,Growing sugar beet and cane industry,XAS,1.3678509336266125e-05,SRB,2012
55,IDN,Growing tobacco industry,XAS,1.2643310354720175e-05,SRB,2012
56,IDN,Growing fibre crops industry,XAS,3.879638767479838e-10,SRB,2012
57,IDN,Growing crops n.e.c. industry,XAS,7.121879469730936e-05,SRB,2012
58,IDN,Growing grapes industry,XAS,0.0,SRB,2012
59,IDN,Growing fruits and nuts industry,XAS,4.131831542269607e-05,SRB,2012
60,IDN,"Growing beverage crops (coffee, tea etc) industry",XAS,7.58956715436093e-06,SRB,2012
61,IDN,"Growing spices, aromatic, drug and pharmaceutical crops industry",XAS,2.067475811642359e-05,SRB,2012
62,IDN,Seeds and plant propagation industry,XAS,0.0,SRB,2012
63,IDN,Raising of cattle industry,XAS,1.3673269147478164e-05,SRB,2012
64,IDN,Growing wheat industry,AFG,0.0,SRB,2012
65,IDN,Growing maize industry,AFG,9.589123116540792e-06,SRB,2012
66,IDN,Growing cereals n.e.c industry,AFG,0.0,SRB,2012
67,IDN,Growing leguminous crops and oil seeds industry,AFG,0.0002696708103852775,SRB,2012
68,IDN,Growing rice industry,AFG,7.555661957088662e-09,SRB,2012
69,IDN,"Growing vegetables, roots, tubers industry",AFG,0.0,SRB,2012
70,IDN,Growing sugar beet and cane industry,AFG,3.999312189268532e-06,SRB,2012
71,IDN,Growing tobacco industry,AFG,3.861128593141743e-06,SRB,2012
72,IDN,Growing fibre crops industry,AFG,1.125621340950295e-10,SRB,2012
73,IDN,Growing crops n.e.c. industry,AFG,1.9979131159527463e-05,SRB,2012
74,IDN,Growing grapes industry,AFG,0.0,SRB,2012
75,IDN,Growing fruits and nuts industry,AFG,1.2881378376529098e-05,SRB,2012
76,IDN,"Growing beverage crops (coffee, tea etc) industry",AFG,2.1896606355472722e-06,SRB,2012
77,IDN,"Growing spices, aromatic, drug and pharmaceutical crops industry",AFG,5.8357642352940814e-06,SRB,2012
78,IDN,Seeds and plant propagation industry,AFG,0.0,SRB,2012
79,IDN,Raising of cattle industry,AFG,4.126557696323843e-06,SRB,2012
80,IDN,Growing wheat industry,AGO,0.0,SRB,2012
81,IDN,Growing maize industry,AGO,6.380926652983698e-05,SRB,2012
82,IDN,Growing cereals n.e.c industry,AGO,0.0,SRB,2012
83,IDN,Growing leguminous crops and oil seeds industry,AGO,0.0017772013709977906,SRB,2012
84,IDN,Growing rice industry,AGO,7.640269829780084e-08,SRB,2012
85,IDN,"Growing vegetables, roots, tubers industry",AGO,0.0,SRB,2012
86,IDN,Growing sugar beet and cane industry,AGO,2.8487663609047044e-05,SRB,2012
87,IDN,Growing tobacco industry,AGO,3.1181011864501296e-05,SRB,2012
88,IDN,Growing fibre crops industry,AGO,8.383363554126353e-10,SRB,2012
89,IDN,Growing crops n.e.c. industry,AGO,0.00014999676823092224,SRB,2012
90,IDN,Growing grapes industry,AGO,0.0,SRB,2012
91,IDN,Growing fruits and nuts industry,AGO,9.120640146660114e-05,SRB,2012
92,IDN,"Growing beverage crops (coffee, tea etc) industry",AGO,1.770383226338519e-05,SRB,2012
93,IDN,"Growing spices, aromatic, drug and pharmaceutical crops industry",AGO,4.883348433963981e-05,SRB,2012
94,IDN,Seeds and plant propagation industry,AGO,0.0,SRB,2012
95,IDN,Raising of cattle industry,AGO,3.0055105146043672e-05,SRB,2012
96,IDN,Growing wheat industry,ALB,0.0,SRB,2012
97,IDN,Growing maize industry,ALB,0.0009594836675788514,SRB,2012
98,IDN,Growing cereals n.e.c industry,ALB,0.0,SRB,2012
99,IDN,Growing leguminous crops and oil seeds industry,ALB,0.020045724297919586,SRB,2012
100,IDN,Growing rice industry,ALB,7.958020836012569e-07,SRB,2012
101,IDN,"Growing vegetables, roots, tubers industry",ALB,0.0,SRB,2012
102,IDN,Growing sugar beet and cane industry,ALB,0.0002718508566834491,SRB,2012
103,IDN,Growing tobacco industry,ALB,0.0002879608331764899,SRB,2012
104,IDN,Growing fibre crops industry,ALB,7.900865629036775e-09,SRB,2012
105,IDN,Growing crops n.e.c. industry,ALB,0.0012219431190871293,SRB,2012
106,IDN,Growing grapes industry,ALB,0.0,SRB,2012
107,IDN,Growing fruits and nuts industry,ALB,0.0010746205027292993,SRB,2012
108,IDN,"Growing beverage crops (coffee, tea etc) industry",ALB,0.00020301599697736627,SRB,2012
109,IDN,"Growing spices, aromatic, drug and pharmaceutical crops industry",ALB,0.000658139171374806,SRB,2012
110,IDN,Seeds and plant propagation industry,ALB,0.0,SRB,2012
111,IDN,Raising of cattle industry,ALB,0.00027743786216842976,SRB,2012
112,IDN,Growing wheat industry,ARE,0.0,SRB,2012
113,IDN,Growing maize industry,ARE,0.0005622598310166956,SRB,2012
114,IDN,Growing cereals n.e.c industry,ARE,0.0,SRB,2012
115,IDN,Growing leguminous crops and oil seeds industry,ARE,0.012314957649761784,SRB,2012
116,IDN,Growing rice industry,ARE,3.243747823791741e-07,SRB,2012
117,IDN,"Growing vegetables, roots, tubers industry",ARE,0.0,SRB,2012
118,IDN,Growing sugar beet and cane industry,ARE,0.0001753193174170773,SRB,2012
119,IDN,Growing tobacco industry,ARE,0.00016180446762068947,SRB,2012
120,IDN,Growing fibre crops industry,ARE,4.5272123650521564e-09,SRB,2012
121,IDN,Growing crops n.e.c. industry,ARE,0.0008158176293442693,SRB,2012
122,IDN,Growing grapes industry,ARE,0.0,SRB,2012
123,IDN,Growing fruits and nuts industry,ARE,0.000641237080700762,SRB,2012
124,IDN,"Growing beverage crops (coffee, tea etc) industry",ARE,9.188551048910206e-05,SRB,2012
125,IDN,"Growing spices, aromatic, drug and pharmaceutical crops industry",ARE,0.0002340945938964528,SRB,2012
126,IDN,Seeds and plant propagation industry,ARE,0.0,SRB,2012
127,IDN,Raising of cattle industry,ARE,0.00016761707221665703,SRB,2012
128,IDN,Growing wheat industry,ARG,0.0,SRB,2012
129,IDN,Growing maize industry,ARG,0.00044893953284704934,SRB,2012
130,IDN,Growing cereals n.e.c industry,ARG,0.0,SRB,2012
131,IDN,Growing leguminous crops and oil seeds industry,ARG,0.012925341663441088,SRB,2012
132,IDN,Growing rice industry,ARG,3.9947940809326113e-07,SRB,2012
133,IDN,"Growing vegetables, roots, tubers industry",ARG,0.0,SRB,2012
134,IDN,Growing sugar beet and cane industry,ARG,0.00023723029830198482,SRB,2012
135,IDN,Growing tobacco industry,ARG,0.00018258580292862276,SRB,2012
136,IDN,Growing fibre crops industry,ARG,5.742083197954592e-09,SRB,2012
137,IDN,Growing crops n.e.c. industry,ARG,0.0011158335433509045,SRB,2012
138,IDN,Growing grapes industry,ARG,0.0,SRB,2012
139,IDN,Growing fruits and nuts industry,ARG,0.0006206099007986306,SRB,2012
140,IDN,"Growing beverage crops (coffee, tea etc) industry",ARG,0.00011983137198638691,SRB,2012
141,IDN,"Growing spices, aromatic, drug and pharmaceutical crops industry",ARG,0.0003493911608751289,SRB,2012
142,IDN,Seeds and plant propagation industry,ARG,0.0,SRB,2012
143,IDN,Raising of cattle industry,ARG,0.0002161323653781997,SRB,2012
144,IDN,Growing wheat industry,ARM,0.0,SRB,2012
145,IDN,Growing maize industry,ARM,2.651926052878999e-05,SRB,2012
146,IDN,Growing cereals n.e.c industry,ARM,0.0,SRB,2012
147,IDN,Growing leguminous crops and oil seeds industry,ARM,0.0007789058481086357,SRB,2012
148,IDN,Growing rice industry,ARM,2.2156244713230155e-08,SRB,2012
149,IDN,"Growing vegetables, roots, tubers industry",ARM,0.0,SRB,2012
150,IDN,Growing sugar beet and cane industry,ARM,1.1970967753132061e-05,SRB,2012
151,IDN,Growing tobacco industry,ARM,9.784319707673487e-06,SRB,2012
152,IDN,Growing fibre crops industry,ARM,3.8127959044550266e-10,SRB,2012
153,IDN,Growing crops n.e.c. industry,ARM,5.514825034265713e-05,SRB,2012
154,IDN,Growing grapes industry,ARM,0.0,SRB,2012
155,IDN,Growing fruits and nuts industry,ARM,3.6204730314456826e-05,SRB,2012
156,IDN,"Growing beverage crops (coffee, tea etc) industry",ARM,6.100204121477591e-06,SRB,2012
157,IDN,"Growing spices, aromatic, drug and pharmaceutical crops industry",ARM,1.810312339418169e-05,SRB,2012
158,IDN,Seeds and plant propagation industry,ARM,0.0,SRB,2012
159,IDN,Raising of cattle industry,ARM,1.1285605145203974e-05,SRB,2012
160,IDN,Growing wheat industry,AUS,0.0,SRB,2012
161,IDN,Growing maize industry,AUS,0.0008667870311158069,SRB,2012
162,IDN,Growing cereals n.e.c industry,AUS,0.0,SRB,2012
163,IDN,Growing leguminous crops and oil seeds industry,AUS,0.02392039901847921,SRB,2012
164,IDN,Growing rice industry,AUS,8.028430525607101e-07,SRB,2012
165,IDN,"Growing vegetables, roots, tubers industry",AUS,0.0,SRB,2012
166,IDN,Growing sugar beet and cane industry,AUS,0.00041725684378855993,SRB,2012
167,IDN,Growing tobacco industry,AUS,0.0004440128257606707,SRB,2012
168,IDN,Growing fibre crops industry,AUS,1.2493019337850295e-08,SRB,2012
169,IDN,Growing crops n.e.c. industry,AUS,0.002119572765152858,SRB,2012
170,IDN,Growing grapes industry,AUS,0.0,SRB,2012
171,IDN,Growing fruits and nuts industry,AUS,0.0012460990057844511,SRB,2012
172,IDN,"Growing beverage crops (coffee, tea etc) industry",AUS,0.0002567991676537647,SRB,2012
173,IDN,"Growing spices, aromatic, drug and pharmaceutical crops industry",AUS,0.0007139330722975294,SRB,2012
174,IDN,Seeds and plant propagation industry,AUS,0.0,SRB,2012
175,IDN,Raising of cattle industry,AUS,0.00044193879140012096,SRB,2012
176,IDN,Growing wheat industry,AUT,0.0,SRB,2012
177,IDN,Growing maize industry,AUT,0.0021951708756679346,SRB,2012
178,IDN,Growing cereals n.e.c industry,AUT,0.0,SRB,2012
179,IDN,Growing leguminous crops and oil seeds industry,AUT,0.0564015743089111,SRB,2012
180,IDN,Growing rice industry,AUT,2.529070079281017e-06,SRB,2012
181,IDN,"Growing vegetables, roots, tubers industry",AUT,0.0,SRB,2012
182,IDN,Growing sugar beet and cane industry,AUT,0.0011373770040572634,SRB,2012
183,IDN,Growing tobacco industry,AUT,0.0015844979161402013,SRB,2012
184,IDN,Growing fibre crops industry,AUT,4.307380866380347e-08,SRB,2012
185,IDN,Growing crops n.e.c. industry,AUT,0.005233866276447262,SRB,2012
186,IDN,Growing grapes industry,AUT,0.0,SRB,2012
187,IDN,Growing fruits and nuts industry,AUT,0.0038243249510839816,SRB,2012
188,IDN,"Growing beverage crops (coffee, tea etc) industry",AUT,0.0007464890746357353,SRB,2012
189,IDN,"Growing spices, aromatic, drug and pharmaceutical crops industry",AUT,0.002597033445095362,SRB,2012
190,IDN,Seeds and plant propagation industry,AUT,0.0,SRB,2012
191,IDN,Raising of cattle industry,AUT,0.0012995331451976328,SRB,2012
192,IDN,Growing wheat industry,AZE,0.0,SRB,2012
193,IDN,Growing maize industry,AZE,5.945232890148435e-05,SRB,2012
194,IDN,Growing cereals n.e.c industry,AZE,0.0,SRB,2012
195,IDN,Growing leguminous crops and oil seeds industry,AZE,0.001537226454767538,SRB,2012
196,IDN,Growing rice industry,AZE,4.445353107812294e-08,SRB,2012
197,IDN,"Growing vegetables, roots, tubers industry",AZE,0.0,SRB,2012
198,IDN,Growing sugar beet and cane industry,AZE,2.4035335589619698e-05,SRB,2012
199,IDN,Growing tobacco industry,AZE,2.5722628605883433e-05,SRB,2012
200,IDN,Growing fibre crops industry,AZE,6.86706023967856e-10,SRB,2012
201,IDN,Growing crops n.e.c. industry,AZE,0.00011484360976205191,SRB,2012
202,IDN,Growing grapes industry,AZE,0.0,SRB,2012
203,IDN,Growing fruits and nuts industry,AZE,7.435140908749961e-05,SRB,2012
204,IDN,"Growing beverage crops (coffee, tea etc) industry",AZE,1.4147164252204213e-05,SRB,2012
205,IDN,"Growing spices, aromatic, drug and pharmaceutical crops industry",AZE,3.62797219084776e-05,SRB,2012
206,IDN,Seeds and plant propagation industry,AZE,0.0,SRB,2012
207,IDN,Raising of cattle industry,AZE,2.5032657312034443e-05,SRB,2012
208,IDN,Growing wheat industry,BDI,0.0,SRB,2012
209,IDN,Growing maize industry,BDI,2.0438492174629322e-06,SRB,2012
210,IDN,Growing cereals n.e.c industry,BDI,0.0,SRB,2012
211,IDN,Growing leguminous crops and oil seeds industry,BDI,5.08004583486185e-05,SRB,2012
212,IDN,Growing rice industry,BDI,1.5961634322190739e-09,SRB,2012
213,IDN,"Growing vegetables, roots, tubers industry",BDI,0.0,SRB,2012
214,IDN,Growing sugar beet and cane industry,BDI,1.0275140067755435e-06,SRB,2012
215,IDN,Growing tobacco industry,BDI,1.5683475881719965e-06,SRB,2012
216,IDN,Growing fibre crops industry,BDI,3.2305205702227634e-11,SRB,2012
217,IDN,Growing crops n.e.c. industry,BDI,3.981840474188005e-06,SRB,2012
218,IDN,Growing grapes industry,BDI,0.0,SRB,2012
219,IDN,Growing fruits and nuts industry,BDI,3.307439436735571e-06,SRB,2012
220,IDN,"Growing beverage crops (coffee, tea etc) industry",BDI,6.630458961829222e-07,SRB,2012
221,IDN,"Growing spices, aromatic, drug and pharmaceutical crops industry",BDI,1.29179107333747e-06,SRB,2012
222,IDN,Seeds and plant propagation industry,BDI,0.0,SRB,2012
223,IDN,Raising of cattle industry,BDI,1.1691192387226585e-06,SRB,2012
224,IDN,Growing wheat industry,BEL,0.0,SRB,2012
225,IDN,Growing maize industry,BEL,0.0021862037932601297,SRB,2012
226,IDN,Growing cereals n.e.c industry,BEL,0.0,SRB,2012
227,IDN,Growing leguminous crops and oil seeds industry,BEL,0.056297419466320074,SRB,2012
228,IDN,Growing rice industry,BEL,1.945488243577508e-06,SRB,2012
229,IDN,"Growing vegetables, roots, tubers industry",BEL,0.0,SRB,2012
230,IDN,Growing sugar beet and cane industry,BEL,0.0011900544008948875,SRB,2012
231,IDN,Growing tobacco industry,BEL,0.001822638890786358,SRB,2012
232,IDN,Growing fibre crops industry,BEL,3.924869725679302e-08,SRB,2012
233,IDN,Growing crops n.e.c. industry,BEL,0.0046744504898611474,SRB,2012
234,IDN,Growing grapes industry,BEL,0.0,SRB,2012
235,IDN,Growing fruits and nuts industry,BEL,0.0038084409746349194,SRB,2012
236,IDN,"Growing beverage crops (coffee, tea etc) industry",BEL,0.0008058046661932079,SRB,2012
237,IDN,"Growing spices, aromatic, drug and pharmaceutical crops industry",BEL,0.0019234713547824956,SRB,2012
238,IDN,Seeds and plant propagation industry,BEL,0.0,SRB,2012
239,IDN,Raising of cattle industry,BEL,0.001339010677756507,SRB,2012
240,IDN,Growing wheat industry,BEN,0.0,SRB,2012
241,IDN,Growing maize industry,BEN,5.029014665048276e-06,SRB,2012
242,IDN,Growing cereals n.e.c industry,BEN,0.0,SRB,2012
243,IDN,Growing leguminous crops and oil seeds industry,BEN,0.00015049338310262823,SRB,2012
244,IDN,Growing rice industry,BEN,4.29254744977566e-09,SRB,2012
245,IDN,"Growing vegetables, roots, tubers industry",BEN,0.0,SRB,2012
246,IDN,Growing sugar beet and cane industry,BEN,2.154272837524228e-06,SRB,2012
247,IDN,Growing tobacco industry,BEN,2.1647329451308473e-06,SRB,2012
248,IDN,Growing fibre crops industry,BEN,6.639006617614263e-11,SRB,2012
249,IDN,Growing crops n.e.c. industry,BEN,9.743093321562583e-06,SRB,2012
250,IDN,Growing grapes industry,BEN,0.0,SRB,2012
251,IDN,Growing fruits and nuts industry,BEN,7.019434057304749e-06,SRB,2012
252,IDN,"Growing beverage crops (coffee, tea etc) industry",BEN,1.2205084709544151e-06,SRB,2012
253,IDN,"Growing spices, aromatic, drug and pharmaceutical crops industry",BEN,4.316545303479712e-06,SRB,2012
254,IDN,Seeds and plant propagation industry,BEN,0.0,SRB,2012
255,IDN,Raising of cattle industry,BEN,2.61422115151789e-06,SRB,2012
256,IDN,Growing wheat industry,BFA,0.0,SRB,2012
257,IDN,Growing maize industry,BFA,4.8824947106486976e-06,SRB,2012
258,IDN,Growing cereals n.e.c industry,BFA,0.0,SRB,2012
259,IDN,Growing leguminous crops and oil seeds industry,BFA,0.00013272737454908483,SRB,2012
260,IDN,Growing rice industry,BFA,3.5961152706807494e-09,SRB,2012
261,IDN,"Growing vegetables, roots, tubers industry",BFA,0.0,SRB,2012
262,IDN,Growing sugar beet and cane industry,BFA,1.978994129130571e-06,SRB,2012
263,IDN,Growing tobacco industry,BFA,2.0994044516257912e-06,SRB,2012
264,IDN,Growing fibre crops industry,BFA,5.7074157918469905e-11,SRB,2012
265,IDN,Growing crops n.e.c. industry,BFA,9.967834716573611e-06,SRB,2012
266,IDN,Growing grapes industry,BFA,0.0,SRB,2012
267,IDN,Growing fruits and nuts industry,BFA,6.221918136637661e-06,SRB,2012
268,IDN,"Growing beverage crops (coffee, tea etc) industry",BFA,1.1861411409752332e-06,SRB,2012
269,IDN,"Growing spices, aromatic, drug and pharmaceutical crops industry",BFA,2.947762207585466e-06,SRB,2012
270,IDN,Seeds and plant propagation industry,BFA,0.0,SRB,2012
271,IDN,Raising of cattle industry,BFA,2.0909506260274153e-06,SRB,2012
272,IDN,Growing wheat industry,BGD,0.0,SRB,2012
273,IDN,Growing maize industry,BGD,0.0002691583058421297,SRB,2012
274,IDN,Growing cereals n.e.c industry,BGD,0.0,SRB,2012
275,IDN,Growing leguminous crops and oil seeds industry,BGD,0.006193783123505715,SRB,2012
276,IDN,Growing rice industry,BGD,1.6203032841420269e-07,SRB,2012
277,IDN,"Growing vegetables, roots, tubers industry",BGD,0.0,SRB,2012
278,IDN,Growing sugar beet and cane industry,BGD,8.95832198056563e-05,SRB,2012
279,IDN,Growing tobacco industry,BGD,7.457680248893328e-05,SRB,2012
280,IDN,Growing fibre crops industry,BGD,2.5917390224642465e-09,SRB,2012
281,IDN,Growing crops n.e.c. industry,BGD,0.0004245920162062163,SRB,2012
282,IDN,Growing grapes industry,BGD,0.0,SRB,2012
283,IDN,Growing fruits and nuts industry,BGD,0.00029803581855234503,SRB,2012
284,IDN,"Growing beverage crops (coffee, tea etc) industry",BGD,4.89830291569941e-05,SRB,2012
285,IDN,"Growing spices, aromatic, drug and pharmaceutical crops industry",BGD,0.0001264021840029381,SRB,2012
286,IDN,Seeds and plant propagation industry,BGD,0.0,SRB,2012
287,IDN,Raising of cattle industry,BGD,8.770541499656047e-05,SRB,2012
288,IDN,Growing wheat industry,BGR,0.0,SRB,2012
289,IDN,Growing maize industry,BGR,0.0007706432152511052,SRB,2012
290,IDN,Growing cereals n.e.c industry,BGR,0.0,SRB,2012
291,IDN,Growing leguminous crops and oil seeds industry,BGR,0.02285684679779878,SRB,2012
292,IDN,Growing rice industry,BGR,8.50658093656225e-07,SRB,2012
293,IDN,"Growing vegetables, roots, tubers industry",BGR,0.0,SRB,2012
294,IDN,Growing sugar beet and cane industry,BGR,0.0003068138869326314,SRB,2012
295,IDN,Growing tobacco industry,BGR,0.00035768265174252183,SRB,2012
296,IDN,Growing fibre crops industry,BGR,9.889094399721892e-09,SRB,2012
297,IDN,Growing crops n.e.c. industry,BGR,0.0016157643317596478,SRB,2012
298,IDN,Growing grapes industry,BGR,0.0,SRB,2012
299,IDN,Growing fruits and nuts industry,BGR,0.0011608100305118072,SRB,2012
300,IDN,"Growing beverage crops (coffee, tea etc) industry",BGR,0.00023897642083400424,SRB,2012
301,IDN,"Growing spices, aromatic, drug and pharmaceutical crops industry",BGR,0.000677653775430434,SRB,2012
302,IDN,Seeds and plant propagation industry,BGR,0.0,SRB,2012
303,IDN,Raising of cattle industry,BGR,0.00034710572432741045,SRB,2012
304,IDN,Growing wheat industry,BHR,0.0,SRB,2012
305,IDN,Growing maize industry,BHR,3.559028560612872e-05,SRB,2012
306,IDN,Growing cereals n.e.c industry,BHR,0.0,SRB,2012
307,IDN,Growing leguminous crops and oil seeds industry,BHR,0.0009859689717283307,SRB,2012
308,IDN,Growing rice industry,BHR,3.097616437001131e-08,SRB,2012
309,IDN,"Growing vegetables, roots, tubers industry",BHR,0.0,SRB,2012
310,IDN,Growing sugar beet and cane industry,BHR,1.693589382341525e-05,SRB,2012
311,IDN,Growing tobacco industry,BHR,1.6043760474393898e-05,SRB,2012
312,IDN,Growing fibre crops industry,BHR,6.193678660341966e-10,SRB,2012
313,IDN,Growing crops n.e.c. industry,BHR,7.922563272721123e-05,SRB,2012
314,IDN,Growing grapes industry,BHR,0.0,SRB,2012
315,IDN,Growing fruits and nuts industry,BHR,4.8671337242806837e-05,SRB,2012
316,IDN,"Growing beverage crops (coffee, tea etc) industry",BHR,9.043666584412306e-06,SRB,2012
317,IDN,"Growing spices, aromatic, drug and pharmaceutical crops industry",BHR,2.4633396475590287e-05,SRB,2012
318,IDN,Seeds and plant propagation industry,BHR,0.0,SRB,2012
319,IDN,Raising of cattle industry,BHR,1.6829377256921758e-05,SRB,2012
320,IDN,Growing wheat industry,BHS,0.0,SRB,2012
321,IDN,Growing maize industry,BHS,4.3506017215681636e-06,SRB,2012
322,IDN,Growing cereals n.e.c industry,BHS,0.0,SRB,2012
323,IDN,Growing leguminous crops and oil seeds industry,BHS,0.0001175301743204647,SRB,2012
324,IDN,Growing rice industry,BHS,3.2692606667224633e-09,SRB,2012
325,IDN,"Growing vegetables, roots, tubers industry",BHS,0.0,SRB,2012
326,IDN,Growing sugar beet and cane industry,BHS,1.7819933759960966e-06,SRB,2012
327,IDN,Growing tobacco industry,BHS,1.8141652355153866e-06,SRB,2012
328,IDN,Growing fibre crops industry,BHS,4.8919781510570086e-11,SRB,2012
329,IDN,Growing crops n.e.c. industry,BHS,9.582203002711328e-06,SRB,2012
330,IDN,Growing grapes industry,BHS,0.0,SRB,2012
331,IDN,Growing fruits and nuts industry,BHS,5.5214931189934775e-06,SRB,2012
332,IDN,"Growing beverage crops (coffee, tea etc) industry",BHS,1.0125042876723676e-06,SRB,2012
333,IDN,"Growing spices, aromatic, drug and pharmaceutical crops industry",BHS,2.513161161297898e-06,SRB,2012
334,IDN,Seeds and plant propagation industry,BHS,0.0,SRB,2012
335,IDN,Raising of cattle industry,BHS,1.8289761623658218e-06,SRB,2012
336,IDN,Growing wheat industry,BIH,0.0,SRB,2012
337,IDN,Growing maize industry,BIH,0.0016316681247664005,SRB,2012
338,IDN,Growing cereals n.e.c industry,BIH,0.0,SRB,2012
339,IDN,Growing leguminous crops and oil seeds industry,BIH,0.04616831991777074,SRB,2012
340,IDN,Growing rice industry,BIH,3.7512185627012713e-06,SRB,2012
341,IDN,"Growing vegetables, roots, tubers industry",BIH,0.0,SRB,2012
342,IDN,Growing sugar beet and cane industry,BIH,0.0007085982366905733,SRB,2012
343,IDN,Growing tobacco industry,BIH,0.0006792356321032807,SRB,2012
344,IDN,Growing fibre crops industry,BIH,3.333870548135268e-08,SRB,2012
345,IDN,Growing crops n.e.c. industry,BIH,0.003539673629830074,SRB,2012
346,IDN,Growing grapes industry,BIH,0.0,SRB,2012
347,IDN,Growing fruits and nuts industry,BIH,0.003504156658637906,SRB,2012
348,IDN,"Growing beverage crops (coffee, tea etc) industry",BIH,0.0004369209382580542,SRB,2012
349,IDN,"Growing spices, aromatic, drug and pharmaceutical crops industry",BIH,0.003618218997693845,SRB,2012
350,IDN,Seeds and plant propagation industry,BIH,0.0,SRB,2012
351,IDN,Raising of cattle industry,BIH,0.0008757259383277086,SRB,2012
352,IDN,Growing wheat industry,BLR,0.0,SRB,2012
353,IDN,Growing maize industry,BLR,0.0004202540119119669,SRB,2012
354,IDN,Growing cereals n.e.c industry,BLR,0.0,SRB,2012
355,IDN,Growing leguminous crops and oil seeds industry,BLR,0.010909477044079751,SRB,2012
356,IDN,Growing rice industry,BLR,2.888782313840109e-07,SRB,2012
357,IDN,"Growing vegetables, roots, tubers industry",BLR,0.0,SRB,2012
358,IDN,Growing sugar beet and cane industry,BLR,0.0001465688019382265,SRB,2012
359,IDN,Growing tobacco industry,BLR,0.00012884177564011123,SRB,2012
360,IDN,Growing fibre crops industry,BLR,4.030514541518957e-09,SRB,2012
361,IDN,Growing crops n.e.c. industry,BLR,0.0006792276285962214,SRB,2012
362,IDN,Growing grapes industry,BLR,0.0,SRB,2012
363,IDN,Growing fruits and nuts industry,BLR,0.00048329494979255114,SRB,2012
364,IDN,"Growing beverage crops (coffee, tea etc) industry",BLR,7.737674172259686e-05,SRB,2012
365,IDN,"Growing spices, aromatic, drug and pharmaceutical crops industry",BLR,0.00022187763587181778,SRB,2012
366,IDN,Seeds and plant propagation industry,BLR,0.0,SRB,2012
367,IDN,Raising of cattle industry,BLR,0.00014104825106698522,SRB,2012
368,IDN,Growing wheat industry,BLZ,0.0,SRB,2012
369,IDN,Growing maize industry,BLZ,1.7484398445813462e-06,SRB,2012
370,IDN,Growing cereals n.e.c industry,BLZ,0.0,SRB,2012
371,IDN,Growing leguminous crops and oil seeds industry,BLZ,4.632391503304734e-05,SRB,2012
372,IDN,Growing rice industry,BLZ,1.372815070930325e-09,SRB,2012
373,IDN,"Growing vegetables, roots, tubers industry",BLZ,0.0,SRB,2012
374,IDN,Growing sugar beet and cane industry,BLZ,8.074907081071022e-07,SRB,2012
375,IDN,Growing tobacco industry,BLZ,6.190357270458466e-07,SRB,2012
376,IDN,Growing fibre crops industry,BLZ,1.8905382074327557e-11,SRB,2012
377,IDN,Growing crops n.e.c. industry,BLZ,3.623528919256549e-06,SRB,2012
378,IDN,Growing grapes industry,BLZ,0.0,SRB,2012
379,IDN,Growing fruits and nuts industry,BLZ,2.2059552979183206e-06,SRB,2012
380,IDN,"Growing beverage crops (coffee, tea etc) industry",BLZ,3.9938027148679497e-07,SRB,2012
381,IDN,"Growing spices, aromatic, drug and pharmaceutical crops industry",BLZ,1.1531024178456135e-06,SRB,2012
382,IDN,Seeds and plant propagation industry,BLZ,0.0,SRB,2012
383,IDN,Raising of cattle industry,BLZ,7.111318126355183e-07,SRB,2012
384,IDN,Growing wheat industry,BOL,0.0,SRB,2012
385,IDN,Growing maize industry,BOL,1.57929246301499e-05,SRB,2012
386,IDN,Growing cereals n.e.c industry,BOL,0.0,SRB,2012
387,IDN,Growing leguminous crops and oil seeds industry,BOL,0.0004767182968353424,SRB,2012
388,IDN,Growing rice industry,BOL,1.4828533458851987e-08,SRB,2012
389,IDN,"Growing vegetables, roots, tubers industry",BOL,0.0,SRB,2012
390,IDN,Growing sugar beet and cane industry,BOL,6.855784412671022e-06,SRB,2012
391,IDN,Growing tobacco industry,BOL,6.081918397278888e-06,SRB,2012
392,IDN,Growing fibre crops industry,BOL,1.9119065494242992e-10,SRB,2012
393,IDN,Growing crops n.e.c. industry,BOL,3.25620358316268e-05,SRB,2012
394,IDN,Growing grapes industry,BOL,0.0,SRB,2012
395,IDN,Growing fruits and nuts industry,BOL,2.358674710199028e-05,SRB,2012
396,IDN,"Growing beverage crops (coffee, tea etc) industry",BOL,3.700319252142654e-06,SRB,2012
397,IDN,"Growing spices, aromatic, drug and pharmaceutical crops industry",BOL,1.5019942528759346e-05,SRB,2012
398,IDN,Seeds and plant propagation industry,BOL,0.0,SRB,2012
399,IDN,Raising of cattle industry,BOL,7.217348113043455e-06,SRB,2012
400,IDN,Growing wheat industry,BRA,0.0,SRB,2012
401,IDN,Growing maize industry,BRA,0.0013009427989235276,SRB,2012
402,IDN,Growing cereals n.e.c industry,BRA,0.0,SRB,2012
403,IDN,Growing leguminous crops and oil seeds industry,BRA,0.03815048921296758,SRB,2012
404,IDN,Growing rice industry,BRA,1.0993438721559107e-06,SRB,2012
405,IDN,"Growing vegetables, roots, tubers industry",BRA,0.0,SRB,2012
406,IDN,Growing sugar beet and cane industry,BRA,0.0006258045867433683,SRB,2012
407,IDN,Growing tobacco industry,BRA,0.0006860425317672345,SRB,2012
408,IDN,Growing fibre crops industry,BRA,1.7087548914288067e-08,SRB,2012
409,IDN,Growing crops n.e.c. industry,BRA,0.003439434737886707,SRB,2012
410,IDN,Growing grapes industry,BRA,0.0,SRB,2012
411,IDN,Growing fruits and nuts industry,BRA,0.0018203269294630232,SRB,2012
412,IDN,"Growing beverage crops (coffee, tea etc) industry",BRA,0.00039140273661383515,SRB,2012
413,IDN,"Growing spices, aromatic, drug and pharmaceutical crops industry",BRA,0.0008810301374225452,SRB,2012
414,IDN,Seeds and plant propagation industry,BRA,0.0,SRB,2012
415,IDN,Raising of cattle industry,BRA,0.000646429290542073,SRB,2012
416,IDN,Growing wheat industry,BRN,0.0,SRB,2012
417,IDN,Growing maize industry,BRN,0.00010971115259591268,SRB,2012
418,IDN,Growing cereals n.e.c industry,BRN,0.0,SRB,2012
419,IDN,Growing leguminous crops and oil seeds industry,BRN,0.003352882658525164,SRB,2012
420,IDN,Growing rice industry,BRN,1.0090418619563628e-07,SRB,2012
421,IDN,"Growing vegetables, roots, tubers industry",BRN,0.0,SRB,2012
422,IDN,Growing sugar beet and cane industry,BRN,6.056016889275751e-05,SRB,2012
423,IDN,Growing tobacco industry,BRN,4.9060224228247956e-05,SRB,2012
424,IDN,Growing fibre crops industry,BRN,1.7109059127902564e-09,SRB,2012
425,IDN,Growing crops n.e.c. industry,BRN,0.0003581190980945383,SRB,2012
426,IDN,Growing grapes industry,BRN,0.0,SRB,2012
427,IDN,Growing fruits and nuts industry,BRN,0.0001628390485632548,SRB,2012
428,IDN,"Growing beverage crops (coffee, tea etc) industry",BRN,3.5520267012843434e-05,SRB,2012
429,IDN,"Growing spices, aromatic, drug and pharmaceutical crops industry",BRN,9.580631073213524e-05,SRB,2012
430,IDN,Seeds and plant propagation industry,BRN,0.0,SRB,2012
431,IDN,Raising of cattle industry,BRN,6.605126234583605e-05,SRB,2012
432,IDN,Growing wheat industry,BTN,0.0,SRB,2012
433,IDN,Growing maize industry,BTN,1.168947129167695e-06,SRB,2012
434,IDN,Growing cereals n.e.c industry,BTN,0.0,SRB,2012
435,IDN,Growing leguminous crops and oil seeds industry,BTN,3.109498049610638e-05,SRB,2012
436,IDN,Growing rice industry,BTN,8.452095431165684e-10,SRB,2012
437,IDN,"Growing vegetables, roots, tubers industry",BTN,0.0,SRB,2012
438,IDN,Growing sugar beet and cane industry,BTN,4.581950262491321e-07,SRB,2012
439,IDN,Growing tobacco industry,BTN,4.216156776826526e-07,SRB,2012
440,IDN,Growing fibre crops industry,BTN,1.2357924660776775e-11,SRB,2012
441,IDN,Growing crops n.e.c. industry,BTN,2.2079401763202836e-06,SRB,2012
442,IDN,Growing grapes industry,BTN,0.0,SRB,2012
443,IDN,Growing fruits and nuts industry,BTN,1.4181438750681265e-06,SRB,2012
444,IDN,"Growing beverage crops (coffee, tea etc) industry",BTN,2.46781129921664e-07,SRB,2012
445,IDN,"Growing spices, aromatic, drug and pharmaceutical crops industry",BTN,6.804138744978184e-07,SRB,2012
446,IDN,Seeds and plant propagation industry,BTN,0.0,SRB,2012
447,IDN,Raising of cattle industry,BTN,4.684192459700874e-07,SRB,2012
448,IDN,Growing wheat industry,BWA,0.0,SRB,2012
449,IDN,Growing maize industry,BWA,0.0008346510115273587,SRB,2012
450,IDN,Growing cereals n.e.c industry,BWA,0.0,SRB,2012
451,IDN,Growing leguminous crops and oil seeds industry,BWA,0.03097577827542187,SRB,2012
452,IDN,Growing rice industry,BWA,8.207603429554326e-07,SRB,2012
453,IDN,"Growing vegetables, roots, tubers industry",BWA,0.0,SRB,2012
454,IDN,Growing sugar beet and cane industry,BWA,0.00037654841443924165,SRB,2012
455,IDN,Growing tobacco industry,BWA,0.00024368747194036125,SRB,2012
456,IDN,Growing fibre crops industry,BWA,7.931906704743765e-09,SRB,2012
457,IDN,Growing crops n.e.c. industry,BWA,0.001710336201756888,SRB,2012
458,IDN,Growing grapes industry,BWA,0.0,SRB,2012
459,IDN,Growing fruits and nuts industry,BWA,0.001233309973323669,SRB,2012
460,IDN,"Growing beverage crops (coffee, tea etc) industry",BWA,0.00015811134518304722,SRB,2012
461,IDN,"Growing spices, aromatic, drug and pharmaceutical crops industry",BWA,0.000540549769718977,SRB,2012
462,IDN,Seeds and plant propagation industry,BWA,0.0,SRB,2012
463,IDN,Raising of cattle industry,BWA,0.00032110121936071206,SRB,2012
464,IDN,Growing wheat industry,CAF,0.0,SRB,2012
465,IDN,Growing maize industry,CAF,1.596069420614727e-06,SRB,2012
466,IDN,Growing cereals n.e.c industry,CAF,0.0,SRB,2012
467,IDN,Growing leguminous crops and oil seeds industry,CAF,3.422572571774746e-05,SRB,2012
468,IDN,Growing rice industry,CAF,9.51475370210549e-10,SRB,2012
469,IDN,"Growing vegetables, roots, tubers industry",CAF,0.0,SRB,2012
470,IDN,Growing sugar beet and cane industry,CAF,4.665675877858829e-07,SRB,2012
471,IDN,Growing tobacco industry,CAF,4.36529758517737e-07,SRB,2012
472,IDN,Growing fibre crops industry,CAF,1.2305414709572168e-11,SRB,2012
473,IDN,Growing crops n.e.c. industry,CAF,2.2810283500836136e-06,SRB,2012
474,IDN,Growing grapes industry,CAF,0.0,SRB,2012
475,IDN,Growing fruits and nuts industry,CAF,1.4901170309370218e-06,SRB,2012
476,IDN,"Growing beverage crops (coffee, tea etc) industry",CAF,2.51739855180618e-07,SRB,2012
477,IDN,"Growing spices, aromatic, drug and pharmaceutical crops industry",CAF,6.106981250742087e-07,SRB,2012
478,IDN,Seeds and plant propagation industry,CAF,0.0,SRB,2012
479,IDN,Raising of cattle industry,CAF,4.4423577159545016e-07,SRB,2012
480,IDN,Growing wheat industry,CAN,0.0,SRB,2012
481,IDN,Growing maize industry,CAN,0.0013463484387985782,SRB,2012
482,IDN,Growing cereals n.e.c industry,CAN,0.0,SRB,2012
483,IDN,Growing leguminous crops and oil seeds industry,CAN,0.04009344799089602,SRB,2012
484,IDN,Growing rice industry,CAN,1.1866203538565242e-06,SRB,2012
485,IDN,"Growing vegetables, roots, tubers industry",CAN,0.0,SRB,2012
486,IDN,Growing sugar beet and cane industry,CAN,0.0006199989420464788,SRB,2012
487,IDN,Growing tobacco industry,CAN,0.0005944673976734706,SRB,2012
488,IDN,Growing fibre crops industry,CAN,2.2421946699459644e-08,SRB,2012
489,IDN,Growing crops n.e.c. industry,CAN,0.003162942916784726,SRB,2012
490,IDN,Growing grapes industry,CAN,0.0,SRB,2012
491,IDN,Growing fruits and nuts industry,CAN,0.0018535244481025772,SRB,2012
492,IDN,"Growing beverage crops (coffee, tea etc) industry",CAN,0.00037212449505469216,SRB,2012
493,IDN,"Growing spices, aromatic, drug and pharmaceutical crops industry",CAN,0.0009712021573254156,SRB,2012
494,IDN,Seeds and plant propagation industry,CAN,0.0,SRB,2012
495,IDN,Raising of cattle industry,CAN,0.000638403306265859,SRB,2012
496,IDN,Growing wheat industry,CHE,0.0,SRB,2012
497,IDN,Growing maize industry,CHE,0.010368123186082233,SRB,2012
498,IDN,Growing cereals n.e.c industry,CHE,0.0,SRB,2012
499,IDN,Growing leguminous crops and oil seeds industry,CHE,0.2753366550046304,SRB,2012
500,IDN,Growing rice industry,CHE,8.522767938532034e-06,SRB,2012
501,IDN,"Growing vegetables, roots, tubers industry",CHE,0.0,SRB,2012
502,IDN,Growing sugar beet and cane industry,CHE,0.005495346702001966,SRB,2012
503,IDN,Growing tobacco industry,CHE,0.008046324976604156,SRB,2012
504,IDN,Growing fibre crops industry,CHE,1.6492337655396774e-07,SRB,2012
505,IDN,Growing crops n.e.c. industry,CHE,0.022241126555279305,SRB,2012
506,IDN,Growing grapes industry,CHE,0.0,SRB,2012
507,IDN,Growing fruits and nuts industry,CHE,0.016096881780119105,SRB,2012
508,IDN,"Growing beverage crops (coffee, tea etc) industry",CHE,0.004778773630407299,SRB,2012
509,IDN,"Growing spices, aromatic, drug and pharmaceutical crops industry",CHE,0.007653450390229175,SRB,2012
510,IDN,Seeds and plant propagation industry,CHE,0.0,SRB,2012
511,IDN,Raising of cattle industry,CHE,0.005992159522730002,SRB,2012
512,IDN,Growing wheat industry,CHL,0.0,SRB,2012
513,IDN,Growing maize industry,CHL,0.0016522927774311265,SRB,2012
514,IDN,Growing cereals n.e.c industry,CHL,0.0,SRB,2012
515,IDN,Growing leguminous crops and oil seeds industry,CHL,0.06075689419700148,SRB,2012
516,IDN,Growing rice industry,CHL,1.6265582107482285e-06,SRB,2012
517,IDN,"Growing vegetables, roots, tubers industry",CHL,0.0,SRB,2012
518,IDN,Growing sugar beet and cane industry,CHL,0.0007564855923395895,SRB,2012
519,IDN,Growing tobacco industry,CHL,0.0005031699262732708,SRB,2012
520,IDN,Growing fibre crops industry,CHL,1.7489564871442375e-08,SRB,2012
521,IDN,Growing crops n.e.c. industry,CHL,0.0035178298821791102,SRB,2012
522,IDN,Growing grapes industry,CHL,0.0,SRB,2012
523,IDN,Growing fruits and nuts industry,CHL,0.0024536166798029,SRB,2012
524,IDN,"Growing beverage crops (coffee, tea etc) industry",CHL,0.00033309038667509415,SRB,2012
525,IDN,"Growing spices, aromatic, drug and pharmaceutical crops industry",CHL,0.0011326995007564168,SRB,2012
526,IDN,Seeds and plant propagation industry,CHL,0.0,SRB,2012
527,IDN,Raising of cattle industry,CHL,0.000671709207978023,SRB,2012
528,IDN,Growing wheat industry,CHN,0.0,SRB,2012
529,IDN,Growing maize industry,CHN,0.014772154243286819,SRB,2012
530,IDN,Growing cereals n.e.c industry,CHN,0.0,SRB,2012
531,IDN,Growing leguminous crops and oil seeds industry,CHN,0.4161050958965737,SRB,2012
532,IDN,Growing rice industry,CHN,1.1731655978229338e-05,SRB,2012
533,IDN,"Growing vegetables, roots, tubers industry",CHN,0.0,SRB,2012
534,IDN,Growing sugar beet and cane industry,CHN,0.006700070515987894,SRB,2012
535,IDN,Growing tobacco industry,CHN,0.011380668356172859,SRB,2012
536,IDN,Growing fibre crops industry,CHN,2.0681419979586588e-07,SRB,2012
537,IDN,Growing crops n.e.c. industry,CHN,0.04010480348203893,SRB,2012
538,IDN,Growing grapes industry,CHN,0.0,SRB,2012
539,IDN,Growing fruits and nuts industry,CHN,0.021058548277100683,SRB,2012
540,IDN,"Growing beverage crops (coffee, tea etc) industry",CHN,0.010397410265994375,SRB,2012
541,IDN,"Growing spices, aromatic, drug and pharmaceutical crops industry",CHN,0.012559964683131138,SRB,2012
542,IDN,Seeds and plant propagation industry,CHN,0.0,SRB,2012
543,IDN,Raising of cattle industry,CHN,0.007106497532296663,SRB,2012
544,IDN,Growing wheat industry,CIV,0.0,SRB,2012
545,IDN,Growing maize industry,CIV,0.00010385050109581511,SRB,2012
546,IDN,Growing cereals n.e.c industry,CIV,0.0,SRB,2012
547,IDN,Growing leguminous crops and oil seeds industry,CIV,0.0033459194206798275,SRB,2012
548,IDN,Growing rice industry,CIV,9.645936989986358e-08,SRB,2012
549,IDN,"Growing vegetables, roots, tubers industry",CIV,0.0,SRB,2012
550,IDN,Growing sugar beet and cane industry,CIV,4.877501079864599e-05,SRB,2012
551,IDN,Growing tobacco industry,CIV,3.48442905970241e-05,SRB,2012
552,IDN,Growing fibre crops industry,CIV,1.1097949380671269e-09,SRB,2012
553,IDN,Growing crops n.e.c. industry,CIV,0.00021988808001558024,SRB,2012
554,IDN,Growing grapes industry,CIV,0.0,SRB,2012
555,IDN,Growing fruits and nuts industry,CIV,0.00014758468511640602,SRB,2012
556,IDN,"Growing beverage crops (coffee, tea etc) industry",CIV,2.2662221527408065e-05,SRB,2012
557,IDN,"Growing spices, aromatic, drug and pharmaceutical crops industry",CIV,8.280612660963103e-05,SRB,2012
558,IDN,Seeds and plant propagation industry,CIV,0.0,SRB,2012
559,IDN,Raising of cattle industry,CIV,4.319526251140158e-05,SRB,2012
560,IDN,Growing wheat industry,CMR,0.0,SRB,2012
561,IDN,Growing maize industry,CMR,1.715544777057491e-05,SRB,2012
562,IDN,Growing cereals n.e.c industry,CMR,0.0,SRB,2012
563,IDN,Growing leguminous crops and oil seeds industry,CMR,0.0003960035930483639,SRB,2012
564,IDN,Growing rice industry,CMR,1.0604322431778853e-08,SRB,2012
565,IDN,"Growing vegetables, roots, tubers industry",CMR,0.0,SRB,2012
566,IDN,Growing sugar beet and cane industry,CMR,5.967793337178279e-06,SRB,2012
567,IDN,Growing tobacco industry,CMR,5.907412227840316e-06,SRB,2012
568,IDN,Growing fibre crops industry,CMR,1.6916886587212967e-10,SRB,2012
569,IDN,Growing crops n.e.c. industry,CMR,3.025643425875679e-05,SRB,2012
570,IDN,Growing grapes industry,CMR,0.0,SRB,2012
571,IDN,Growing fruits and nuts industry,CMR,1.850485755269784e-05,SRB,2012
572,IDN,"Growing beverage crops (coffee, tea etc) industry",CMR,3.4392056722219945e-06,SRB,2012
573,IDN,"Growing spices, aromatic, drug and pharmaceutical crops industry",CMR,8.239087694124986e-06,SRB,2012
574,IDN,Seeds and plant propagation industry,CMR,0.0,SRB,2012
575,IDN,Raising of cattle industry,CMR,5.971107625873505e-06,SRB,2012
576,IDN,Growing wheat industry,COD,0.0,SRB,2012
577,IDN,Growing maize industry,COD,1.237801838253644e-05,SRB,2012
578,IDN,Growing cereals n.e.c industry,COD,0.0,SRB,2012
579,IDN,Growing leguminous crops and oil seeds industry,COD,0.0003467149497157044,SRB,2012
580,IDN,Growing rice industry,COD,9.937790124871053e-09,SRB,2012
581,IDN,"Growing vegetables, roots, tubers industry",COD,0.0,SRB,2012
582,IDN,Growing sugar beet and cane industry,COD,5.314264908200738e-06,SRB,2012
583,IDN,Growing tobacco industry,COD,6.698579259705733e-06,SRB,2012
584,IDN,Growing fibre crops industry,COD,1.5415916084347754e-10,SRB,2012
585,IDN,Growing crops n.e.c. industry,COD,2.4041410604770497e-05,SRB,2012
586,IDN,Growing grapes industry,COD,0.0,SRB,2012
587,IDN,Growing fruits and nuts industry,COD,1.8095732961108344e-05,SRB,2012
588,IDN,"Growing beverage crops (coffee, tea etc) industry",COD,3.3741435132240684e-06,SRB,2012
589,IDN,"Growing spices, aromatic, drug and pharmaceutical crops industry",COD,7.638613350835511e-06,SRB,2012
590,IDN,Seeds and plant propagation industry,COD,0.0,SRB,2012
591,IDN,Raising of cattle industry,COD,5.34210943104567e-06,SRB,2012
592,IDN,Growing wheat industry,COG,0.0,SRB,2012
593,IDN,Growing maize industry,COG,1.944368930645223e-05,SRB,2012
594,IDN,Growing cereals n.e.c industry,COG,0.0,SRB,2012
595,IDN,Growing leguminous crops and oil seeds industry,COG,0.0005033841443463639,SRB,2012
596,IDN,Growing rice industry,COG,1.4397051834060839e-08,SRB,2012
597,IDN,"Growing vegetables, roots, tubers industry",COG,0.0,SRB,2012
598,IDN,Growing sugar beet and cane industry,COG,8.784618704425865e-06,SRB,2012
599,IDN,Growing tobacco industry,COG,9.04251764722182e-06,SRB,2012
600,IDN,Growing fibre crops industry,COG,3.252416542917332e-10,SRB,2012
601,IDN,Growing crops n.e.c. industry,COG,3.676921445474892e-05,SRB,2012
602,IDN,Growing grapes industry,COG,0.0,SRB,2012
603,IDN,Growing fruits and nuts industry,COG,2.5571269575483453e-05,SRB,2012
604,IDN,"Growing beverage crops (coffee, tea etc) industry",COG,4.8092734433195705e-06,SRB,2012
605,IDN,"Growing spices, aromatic, drug and pharmaceutical crops industry",COG,1.131656260157386e-05,SRB,2012
606,IDN,Seeds and plant propagation industry,COG,0.0,SRB,2012
607,IDN,Raising of cattle industry,COG,8.748655668776688e-06,SRB,2012
608,IDN,Growing wheat industry,COL,0.0,SRB,2012
609,IDN,Growing maize industry,COL,0.002424460375857294,SRB,2012
610,IDN,Growing cereals n.e.c industry,COL,0.0,SRB,2012
611,IDN,Growing leguminous crops and oil seeds industry,COL,0.09234277506045344,SRB,2012
612,IDN,Growing rice industry,COL,2.4112689317123896e-06,SRB,2012
613,IDN,"Growing vegetables, roots, tubers industry",COL,0.0,SRB,2012
614,IDN,Growing sugar beet and cane industry,COL,0.001070462017958359,SRB,2012
615,IDN,Growing tobacco industry,COL,0.0006901330138109742,SRB,2012
616,IDN,Growing fibre crops industry,COL,2.259559310474663e-08,SRB,2012
617,IDN,Growing crops n.e.c. industry,COL,0.004841736971101036,SRB,2012
618,IDN,Growing grapes industry,COL,0.0,SRB,2012
619,IDN,Growing fruits and nuts industry,COL,0.0036332809108817203,SRB,2012
620,IDN,"Growing beverage crops (coffee, tea etc) industry",COL,0.0004414609592760812,SRB,2012
621,IDN,"Growing spices, aromatic, drug and pharmaceutical crops industry",COL,0.001556333610894002,SRB,2012
622,IDN,Seeds and plant propagation industry,COL,0.0,SRB,2012
623,IDN,Raising of cattle industry,COL,0.000926254235232207,SRB,2012
624,IDN,Growing wheat industry,CRI,0.0,SRB,2012
625,IDN,Growing maize industry,CRI,3.8480408443274676e-05,SRB,2012
626,IDN,Growing cereals n.e.c industry,CRI,0.0,SRB,2012
627,IDN,Growing leguminous crops and oil seeds industry,CRI,0.0012364452917438932,SRB,2012
628,IDN,Growing rice industry,CRI,3.376516533236648e-08,SRB,2012
629,IDN,"Growing vegetables, roots, tubers industry",CRI,0.0,SRB,2012
630,IDN,Growing sugar beet and cane industry,CRI,1.7297186023483432e-05,SRB,2012
631,IDN,Growing tobacco industry,CRI,1.5011422614323356e-05,SRB,2012
632,IDN,Growing fibre crops industry,CRI,4.483604191091846e-10,SRB,2012
633,IDN,Growing crops n.e.c. industry,CRI,9.414148672504733e-05,SRB,2012
634,IDN,Growing grapes industry,CRI,0.0,SRB,2012
635,IDN,Growing fruits and nuts industry,CRI,5.348690664576128e-05,SRB,2012
636,IDN,"Growing beverage crops (coffee, tea etc) industry",CRI,9.948162408826293e-06,SRB,2012
637,IDN,"Growing spices, aromatic, drug and pharmaceutical crops industry",CRI,2.6602591354724822e-05,SRB,2012
638,IDN,Seeds and plant propagation industry,CRI,0.0,SRB,2012
639,IDN,Raising of cattle industry,CRI,1.7827805057301653e-05,SRB,2012
640,IDN,Growing wheat industry,CUB,0.0,SRB,2012
641,IDN,Growing maize industry,CUB,1.3941231375867266e-05,SRB,2012
642,IDN,Growing cereals n.e.c industry,CUB,0.0,SRB,2012
643,IDN,Growing leguminous crops and oil seeds industry,CUB,0.00040103645647857614,SRB,2012
644,IDN,Growing rice industry,CUB,1.137548224032964e-08,SRB,2012
645,IDN,"Growing vegetables, roots, tubers industry",CUB,0.0,SRB,2012
646,IDN,Growing sugar beet and cane industry,CUB,6.147778867581178e-06,SRB,2012
647,IDN,Growing tobacco industry,CUB,6.561026046325139e-06,SRB,2012
648,IDN,Growing fibre crops industry,CUB,1.7368193873374538e-10,SRB,2012
649,IDN,Growing crops n.e.c. industry,CUB,2.9896504518420832e-05,SRB,2012
650,IDN,Growing grapes industry,CUB,0.0,SRB,2012
651,IDN,Growing fruits and nuts industry,CUB,2.0399466918986662e-05,SRB,2012
652,IDN,"Growing beverage crops (coffee, tea etc) industry",CUB,3.983767104047784e-06,SRB,2012
653,IDN,"Growing spices, aromatic, drug and pharmaceutical crops industry",CUB,9.228090328340797e-06,SRB,2012
654,IDN,Seeds and plant propagation industry,CUB,0.0,SRB,2012
655,IDN,Raising of cattle industry,CUB,6.354613958680911e-06,SRB,2012
656,IDN,Growing wheat industry,CYP,0.0,SRB,2012
657,IDN,Growing maize industry,CYP,0.00040360684491532497,SRB,2012
658,IDN,Growing cereals n.e.c industry,CYP,0.0,SRB,2012
659,IDN,Growing leguminous crops and oil seeds industry,CYP,0.010621917554865112,SRB,2012
660,IDN,Growing rice industry,CYP,4.1113547446473575e-07,SRB,2012
661,IDN,"Growing vegetables, roots, tubers industry",CYP,0.0,SRB,2012
662,IDN,Growing sugar beet and cane industry,CYP,0.00020853772046256264,SRB,2012
663,IDN,Growing tobacco industry,CYP,0.00031856680306157915,SRB,2012
664,IDN,Growing fibre crops industry,CYP,6.336314393061982e-09,SRB,2012
665,IDN,Growing crops n.e.c. industry,CYP,0.0009085325657000439,SRB,2012
666,IDN,Growing grapes industry,CYP,0.0,SRB,2012
667,IDN,Growing fruits and nuts industry,CYP,0.0006557642536671956,SRB,2012
668,IDN,"Growing beverage crops (coffee, tea etc) industry",CYP,0.0001917846682414367,SRB,2012
669,IDN,"Growing spices, aromatic, drug and pharmaceutical crops industry",CYP,0.00033222333053618076,SRB,2012
670,IDN,Seeds and plant propagation industry,CYP,0.0,SRB,2012
671,IDN,Raising of cattle industry,CYP,0.0002158010815188812,SRB,2012
672,IDN,Growing wheat industry,CZE,0.0,SRB,2012
673,IDN,Growing maize industry,CZE,0.0008804050917585164,SRB,2012
674,IDN,Growing cereals n.e.c industry,CZE,0.0,SRB,2012
675,IDN,Growing leguminous crops and oil seeds industry,CZE,0.022275572245771827,SRB,2012
676,IDN,Growing rice industry,CZE,7.698188572969017e-07,SRB,2012
677,IDN,"Growing vegetables, roots, tubers industry",CZE,0.0,SRB,2012
678,IDN,Growing sugar beet and cane industry,CZE,0.00042242981363621525,SRB,2012
679,IDN,Growing tobacco industry,CZE,0.0005259200183652812,SRB,2012
680,IDN,Growing fibre crops industry,CZE,1.5949612697116817e-08,SRB,2012
681,IDN,Growing crops n.e.c. industry,CZE,0.0025993899064776053,SRB,2012
682,IDN,Growing grapes industry,CZE,0.0,SRB,2012
683,IDN,Growing fruits and nuts industry,CZE,0.0012745619160229587,SRB,2012
684,IDN,"Growing beverage crops (coffee, tea etc) industry",CZE,0.00031547814224822443,SRB,2012
685,IDN,"Growing spices, aromatic, drug and pharmaceutical crops industry",CZE,0.0007732182699159671,SRB,2012
686,IDN,Seeds and plant propagation industry,CZE,0.0,SRB,2012
687,IDN,Raising of cattle industry,CZE,0.0005060411539508242,SRB,2012
688,IDN,Growing wheat industry,DEU,0.0,SRB,2012
689,IDN,Growing maize industry,DEU,0.011727158271683361,SRB,2012
690,IDN,Growing cereals n.e.c industry,DEU,0.0,SRB,2012
691,IDN,Growing leguminous crops and oil seeds industry,DEU,0.30319420543212816,SRB,2012
692,IDN,Growing rice industry,DEU,1.031624605514729e-05,SRB,2012
693,IDN,"Growing vegetables, roots, tubers industry",DEU,0.0,SRB,2012
694,IDN,Growing sugar beet and cane industry,DEU,0.0061367659095939815,SRB,2012
695,IDN,Growing tobacco industry,DEU,0.007726562015880425,SRB,2012
696,IDN,Growing fibre crops industry,DEU,2.977485558270931e-07,SRB,2012
697,IDN,Growing crops n.e.c. industry,DEU,0.031364359232016914,SRB,2012
698,IDN,Growing grapes industry,DEU,0.0,SRB,2012
699,IDN,Growing fruits and nuts industry,DEU,0.017467634118103675,SRB,2012
700,IDN,"Growing beverage crops (coffee, tea etc) industry",DEU,0.003991399805020155,SRB,2012
701,IDN,"Growing spices, aromatic, drug and pharmaceutical crops industry",DEU,0.012054510314835867,SRB,2012
702,IDN,Seeds and plant propagation industry,DEU,0.0,SRB,2012
703,IDN,Raising of cattle industry,DEU,0.006897277967761497,SRB,2012
704,IDN,Growing wheat industry,DJI,0.0,SRB,2012
705,IDN,Growing maize industry,DJI,2.8503273415674956e-06,SRB,2012
706,IDN,Growing cereals n.e.c industry,DJI,0.0,SRB,2012
707,IDN,Growing leguminous crops and oil seeds industry,DJI,8.590420785339438e-05,SRB,2012
708,IDN,Growing rice industry,DJI,3.5920552321282006e-09,SRB,2012
709,IDN,"Growing vegetables, roots, tubers industry",DJI,0.0,SRB,2012
710,IDN,Growing sugar beet and cane industry,DJI,1.2844770205223157e-06,SRB,2012
711,IDN,Growing tobacco industry,DJI,1.0843015494774235e-06,SRB,2012
712,IDN,Growing fibre crops industry,DJI,3.207521637786298e-11,SRB,2012
713,IDN,Growing crops n.e.c. industry,DJI,5.759783748300079e-06,SRB,2012
714,IDN,Growing grapes industry,DJI,0.0,SRB,2012
715,IDN,Growing fruits and nuts industry,DJI,4.750190216714802e-06,SRB,2012
716,IDN,"Growing beverage crops (coffee, tea etc) industry",DJI,6.71785193927635e-07,SRB,2012
717,IDN,"Growing spices, aromatic, drug and pharmaceutical crops industry",DJI,3.216213346048786e-06,SRB,2012
718,IDN,Seeds and plant propagation industry,DJI,0.0,SRB,2012
719,IDN,Raising of cattle industry,DJI,1.276645722201634e-06,SRB,2012
720,IDN,Growing wheat industry,DYE,0.0,SRB,2012
721,IDN,Growing maize industry,DYE,0.0,SRB,2012
722,IDN,Growing cereals n.e.c industry,DYE,0.0,SRB,2012
723,IDN,Growing leguminous crops and oil seeds industry,DYE,0.0,SRB,2012
724,IDN,Growing rice industry,DYE,0.0,SRB,2012
725,IDN,"Growing vegetables, roots, tubers industry",DYE,0.0,SRB,2012
726,IDN,Growing sugar beet and cane industry,DYE,0.0,SRB,2012
727,IDN,Growing tobacco industry,DYE,0.0,SRB,2012
728,IDN,Growing fibre crops industry,DYE,0.0,SRB,2012
729,IDN,Growing crops n.e.c. industry,DYE,0.0,SRB,2012
730,IDN,Growing grapes industry,DYE,0.0,SRB,2012
731,IDN,Growing fruits and nuts industry,DYE,0.0,SRB,2012
732,IDN,"Growing beverage crops (coffee, tea etc) industry",DYE,0.0,SRB,2012
733,IDN,"Growing spices, aromatic, drug and pharmaceutical crops industry",DYE,0.0,SRB,2012
734,IDN,Seeds and plant propagation industry,DYE,0.0,SRB,2012
735,IDN,Raising of cattle industry,DYE,0.0,SRB,2012
736,IDN,Growing wheat industry,DNK,0.0,SRB,2012
737,IDN,Growing maize industry,DNK,0.0006386541113218363,SRB,2012
738,IDN,Growing cereals n.e.c industry,DNK,0.0,SRB,2012
739,IDN,Growing leguminous crops and oil seeds industry,DNK,0.017817634222109812,SRB,2012
740,IDN,Growing rice industry,DNK,6.004403838115204e-07,SRB,2012
741,IDN,"Growing vegetables, roots, tubers industry",DNK,0.0,SRB,2012
742,IDN,Growing sugar beet and cane industry,DNK,0.00032334767508908135,SRB,2012
743,IDN,Growing tobacco industry,DNK,0.0003397105227730292,SRB,2012
744,IDN,Growing fibre crops industry,DNK,1.116631566859674e-08,SRB,2012
745,IDN,Growing crops n.e.c. industry,DNK,0.001596635589036756,SRB,2012
746,IDN,Growing grapes industry,DNK,0.0,SRB,2012
747,IDN,Growing fruits and nuts industry,DNK,0.0009689903364465098,SRB,2012
748,IDN,"Growing beverage crops (coffee, tea etc) industry",DNK,0.00020467377524391526,SRB,2012
749,IDN,"Growing spices, aromatic, drug and pharmaceutical crops industry",DNK,0.0006486316033729992,SRB,2012
750,IDN,Seeds and plant propagation industry,DNK,0.0,SRB,2012
751,IDN,Raising of cattle industry,DNK,0.00034466304800507435,SRB,2012
752,IDN,Growing wheat industry,DOM,0.0,SRB,2012
753,IDN,Growing maize industry,DOM,1.1226054864646925e-05,SRB,2012
754,IDN,Growing cereals n.e.c industry,DOM,0.0,SRB,2012
755,IDN,Growing leguminous crops and oil seeds industry,DOM,0.0003125041135986894,SRB,2012
756,IDN,Growing rice industry,DOM,9.8250657122624e-09,SRB,2012
757,IDN,"Growing vegetables, roots, tubers industry",DOM,0.0,SRB,2012
758,IDN,Growing sugar beet and cane industry,DOM,4.831424891571526e-06,SRB,2012
759,IDN,Growing tobacco industry,DOM,5.240811102063927e-06,SRB,2012
760,IDN,Growing fibre crops industry,DOM,1.389261718060945e-10,SRB,2012
761,IDN,Growing crops n.e.c. industry,DOM,2.2463812616077813e-05,SRB,2012
762,IDN,Growing grapes industry,DOM,0.0,SRB,2012
763,IDN,Growing fruits and nuts industry,DOM,1.6896015007296874e-05,SRB,2012
764,IDN,"Growing beverage crops (coffee, tea etc) industry",DOM,2.790071625240639e-06,SRB,2012
765,IDN,"Growing spices, aromatic, drug and pharmaceutical crops industry",DOM,9.172522547990345e-06,SRB,2012
766,IDN,Seeds and plant propagation industry,DOM,0.0,SRB,2012
767,IDN,Raising of cattle industry,DOM,4.949068170127102e-06,SRB,2012
768,IDN,Growing wheat industry,DZA,0.0,SRB,2012
769,IDN,Growing maize industry,DZA,0.0008116430637118493,SRB,2012
770,IDN,Growing cereals n.e.c industry,DZA,0.0,SRB,2012
771,IDN,Growing leguminous crops and oil seeds industry,DZA,0.017674727380882136,SRB,2012
772,IDN,Growing rice industry,DZA,4.835154378752884e-07,SRB,2012
773,IDN,"Growing vegetables, roots, tubers industry",DZA,0.0,SRB,2012
774,IDN,Growing sugar beet and cane industry,DZA,0.0002705344415661707,SRB,2012
775,IDN,Growing tobacco industry,DZA,0.00023939527109257687,SRB,2012
776,IDN,Growing fibre crops industry,DZA,1.0888074404183835e-08,SRB,2012
777,IDN,Growing crops n.e.c. industry,DZA,0.0012428009169042128,SRB,2012
778,IDN,Growing grapes industry,DZA,0.0,SRB,2012
779,IDN,Growing fruits and nuts industry,DZA,0.0008274721939471786,SRB,2012
780,IDN,"Growing beverage crops (coffee, tea etc) industry",DZA,0.00015124261939529121,SRB,2012
781,IDN,"Growing spices, aromatic, drug and pharmaceutical crops industry",DZA,0.0004153552774993566,SRB,2012
782,IDN,Seeds and plant propagation industry,DZA,0.0,SRB,2012
783,IDN,Raising of cattle industry,DZA,0.000268730010592931,SRB,2012
784,IDN,Growing wheat industry,ECU,0.0,SRB,2012
785,IDN,Growing maize industry,ECU,2.9934947039219437e-05,SRB,2012
786,IDN,Growing cereals n.e.c industry,ECU,0.0,SRB,2012
787,IDN,Growing leguminous crops and oil seeds industry,ECU,0.0008230266544095197,SRB,2012
788,IDN,Growing rice industry,ECU,2.2788565117433353e-08,SRB,2012
789,IDN,"Growing vegetables, roots, tubers industry",ECU,0.0,SRB,2012
790,IDN,Growing sugar beet and cane industry,ECU,1.216650181069939e-05,SRB,2012
791,IDN,Growing tobacco industry,ECU,1.1496343836416226e-05,SRB,2012
792,IDN,Growing fibre crops industry,ECU,3.2708330644488793e-10,SRB,2012
793,IDN,Growing crops n.e.c. industry,ECU,6.12695461349859e-05,SRB,2012
794,IDN,Growing grapes industry,ECU,0.0,SRB,2012
795,IDN,Growing fruits and nuts industry,ECU,3.802786285666588e-05,SRB,2012
796,IDN,"Growing beverage crops (coffee, tea etc) industry",ECU,6.704021641575102e-06,SRB,2012
797,IDN,"Growing spices, aromatic, drug and pharmaceutical crops industry",ECU,1.828374056119959e-05,SRB,2012
798,IDN,Seeds and plant propagation industry,ECU,0.0,SRB,2012
799,IDN,Raising of cattle industry,ECU,1.2151756240926754e-05,SRB,2012
800,IDN,Growing wheat industry,EGY,0.0,SRB,2012
801,IDN,Growing maize industry,EGY,0.0008703650448119001,SRB,2012
802,IDN,Growing cereals n.e.c industry,EGY,0.0,SRB,2012
803,IDN,Growing leguminous crops and oil seeds industry,EGY,0.019402938254636858,SRB,2012
804,IDN,Growing rice industry,EGY,4.958290394605118e-07,SRB,2012
805,IDN,"Growing vegetables, roots, tubers industry",EGY,0.0,SRB,2012
806,IDN,Growing sugar beet and cane industry,EGY,0.0002706797065372792,SRB,2012
807,IDN,Growing tobacco industry,EGY,0.00026135053885953353,SRB,2012
808,IDN,Growing fibre crops industry,EGY,7.452768406421297e-09,SRB,2012
809,IDN,Growing crops n.e.c. industry,EGY,0.0012159093180457384,SRB,2012
810,IDN,Growing grapes industry,EGY,0.0,SRB,2012
811,IDN,Growing fruits and nuts industry,EGY,0.0008743344769833709,SRB,2012
812,IDN,"Growing beverage crops (coffee, tea etc) industry",EGY,0.00015092890736826404,SRB,2012
813,IDN,"Growing spices, aromatic, drug and pharmaceutical crops industry",EGY,0.00036180436747101246,SRB,2012
814,IDN,Seeds and plant propagation industry,EGY,0.0,SRB,2012
815,IDN,Raising of cattle industry,EGY,0.0002618831459966468,SRB,2012
816,IDN,Growing wheat industry,ERI,0.0,SRB,2012
817,IDN,Growing maize industry,ERI,6.571316228729371e-07,SRB,2012
818,IDN,Growing cereals n.e.c industry,ERI,0.0,SRB,2012
819,IDN,Growing leguminous crops and oil seeds industry,ERI,1.7771558401915673e-05,SRB,2012
820,IDN,Growing rice industry,ERI,4.768024682451161e-10,SRB,2012
821,IDN,"Growing vegetables, roots, tubers industry",ERI,0.0,SRB,2012
822,IDN,Growing sugar beet and cane industry,ERI,2.522111375983409e-07,SRB,2012
823,IDN,Growing tobacco industry,ERI,2.425771226356321e-07,SRB,2012
824,IDN,Growing fibre crops industry,ERI,6.805159778107503e-12,SRB,2012
825,IDN,Growing crops n.e.c. industry,ERI,1.2090656656587723e-06,SRB,2012
826,IDN,Growing grapes industry,ERI,0.0,SRB,2012
827,IDN,Growing fruits and nuts industry,ERI,8.287765489457688e-07,SRB,2012
828,IDN,"Growing beverage crops (coffee, tea etc) industry",ERI,1.4183293692711632e-07,SRB,2012
829,IDN,"Growing spices, aromatic, drug and pharmaceutical crops industry",ERI,3.6798736228543154e-07,SRB,2012
830,IDN,Seeds and plant propagation industry,ERI,0.0,SRB,2012
831,IDN,Raising of cattle industry,ERI,2.50962286754971e-07,SRB,2012
832,IDN,Growing wheat industry,ESP,0.0,SRB,2012
833,IDN,Growing maize industry,ESP,0.0013845274116387298,SRB,2012
834,IDN,Growing cereals n.e.c industry,ESP,0.0,SRB,2012
835,IDN,Growing leguminous crops and oil seeds industry,ESP,0.039614314377217304,SRB,2012
836,IDN,Growing rice industry,ESP,1.169903832020047e-06,SRB,2012
837,IDN,"Growing vegetables, roots, tubers industry",ESP,0.0,SRB,2012
838,IDN,Growing sugar beet and cane industry,ESP,0.0006698498160424556,SRB,2012
839,IDN,Growing tobacco industry,ESP,0.0007738017041813507,SRB,2012
840,IDN,Growing fibre crops industry,ESP,2.1870901039346288e-08,SRB,2012
841,IDN,Growing crops n.e.c. industry,ESP,0.0034207329908047084,SRB,2012
842,IDN,Growing grapes industry,ESP,0.0,SRB,2012
843,IDN,Growing fruits and nuts industry,ESP,0.002012936876817331,SRB,2012
844,IDN,"Growing beverage crops (coffee, tea etc) industry",ESP,0.0005114835137976606,SRB,2012
845,IDN,"Growing spices, aromatic, drug and pharmaceutical crops industry",ESP,0.0011113032917403588,SRB,2012
846,IDN,Seeds and plant propagation industry,ESP,0.0,SRB,2012
847,IDN,Raising of cattle industry,ESP,0.0007213548223946933,SRB,2012
848,IDN,Growing wheat industry,EST,0.0,SRB,2012
849,IDN,Growing maize industry,EST,6.78271321630865e-05,SRB,2012
850,IDN,Growing cereals n.e.c industry,EST,0.0,SRB,2012
851,IDN,Growing leguminous crops and oil seeds industry,EST,0.0017434826810127709,SRB,2012
852,IDN,Growing rice industry,EST,5.4314832532383454e-08,SRB,2012
853,IDN,"Growing vegetables, roots, tubers industry",EST,0.0,SRB,2012
854,IDN,Growing sugar beet and cane industry,EST,3.381871976379688e-05,SRB,2012
855,IDN,Growing tobacco industry,EST,4.1532387368267645e-05,SRB,2012
856,IDN,Growing fibre crops industry,EST,1.1884449268337651e-09,SRB,2012
857,IDN,Growing crops n.e.c. industry,EST,0.00015805301815997085,SRB,2012
858,IDN,Growing grapes industry,EST,0.0,SRB,2012
859,IDN,Growing fruits and nuts industry,EST,9.81607588385287e-05,SRB,2012
860,IDN,"Growing beverage crops (coffee, tea etc) industry",EST,2.2826789657773254e-05,SRB,2012
861,IDN,"Growing spices, aromatic, drug and pharmaceutical crops industry",EST,4.846065643519753e-05,SRB,2012
862,IDN,Seeds and plant propagation industry,EST,0.0,SRB,2012
863,IDN,Raising of cattle industry,EST,3.8694713539310265e-05,SRB,2012
864,IDN,Growing wheat industry,ETH,0.0,SRB,2012
865,IDN,Growing maize industry,ETH,0.00019569457875925894,SRB,2012
866,IDN,Growing cereals n.e.c industry,ETH,0.0,SRB,2012
867,IDN,Growing leguminous crops and oil seeds industry,ETH,0.006957283054040413,SRB,2012
868,IDN,Growing rice industry,ETH,1.8268219566323372e-07,SRB,2012
869,IDN,"Growing vegetables, roots, tubers industry",ETH,0.0,SRB,2012
870,IDN,Growing sugar beet and cane industry,ETH,8.437673682087613e-05,SRB,2012
871,IDN,Growing tobacco industry,ETH,6.331621774096591e-05,SRB,2012
872,IDN,Growing fibre crops industry,ETH,2.0705742803008264e-09,SRB,2012
873,IDN,Growing crops n.e.c. industry,ETH,0.0003960314619503593,SRB,2012
874,IDN,Growing grapes industry,ETH,0.0,SRB,2012
875,IDN,Growing fruits and nuts industry,ETH,0.00028090562296017647,SRB,2012
876,IDN,"Growing beverage crops (coffee, tea etc) industry",ETH,3.8993223634243615e-05,SRB,2012
877,IDN,"Growing spices, aromatic, drug and pharmaceutical crops industry",ETH,0.00013375464751033862,SRB,2012
878,IDN,Seeds and plant propagation industry,ETH,0.0,SRB,2012
879,IDN,Raising of cattle industry,ETH,8.292280259576578e-05,SRB,2012
880,IDN,Growing wheat industry,FIN,0.0,SRB,2012
881,IDN,Growing maize industry,FIN,0.00035996434243903963,SRB,2012
882,IDN,Growing cereals n.e.c industry,FIN,0.0,SRB,2012
883,IDN,Growing leguminous crops and oil seeds industry,FIN,0.009273419284673014,SRB,2012
884,IDN,Growing rice industry,FIN,2.8814952440073676e-07,SRB,2012
885,IDN,"Growing vegetables, roots, tubers industry",FIN,0.0,SRB,2012
886,IDN,Growing sugar beet and cane industry,FIN,0.00018121965987990513,SRB,2012
887,IDN,Growing tobacco industry,FIN,0.00024101240814224562,SRB,2012
888,IDN,Growing fibre crops industry,FIN,6.831809278820607e-09,SRB,2012
889,IDN,Growing crops n.e.c. industry,FIN,0.0009181092060668396,SRB,2012
890,IDN,Growing grapes industry,FIN,0.0,SRB,2012
891,IDN,Growing fruits and nuts industry,FIN,0.0005173951295991052,SRB,2012
892,IDN,"Growing beverage crops (coffee, tea etc) industry",FIN,0.0001361226158803524,SRB,2012
893,IDN,"Growing spices, aromatic, drug and pharmaceutical crops industry",FIN,0.00027192184737279574,SRB,2012
894,IDN,Seeds and plant propagation industry,FIN,0.0,SRB,2012
895,IDN,Raising of cattle industry,FIN,0.0002021655591356394,SRB,2012
896,IDN,Growing wheat industry,FRA,0.0,SRB,2012
897,IDN,Growing maize industry,FRA,0.002775101270590388,SRB,2012
898,IDN,Growing cereals n.e.c industry,FRA,0.0,SRB,2012
899,IDN,Growing leguminous crops and oil seeds industry,FRA,0.07110184514211089,SRB,2012
900,IDN,Growing rice industry,FRA,2.462106080520632e-06,SRB,2012
901,IDN,"Growing vegetables, roots, tubers industry",FRA,0.0,SRB,2012
902,IDN,Growing sugar beet and cane industry,FRA,0.0014233267508453802,SRB,2012
903,IDN,Growing tobacco industry,FRA,0.0021072221452201876,SRB,2012
904,IDN,Growing fibre crops industry,FRA,5.4289071058188215e-08,SRB,2012
905,IDN,Growing crops n.e.c. industry,FRA,0.006351052145664972,SRB,2012
906,IDN,Growing grapes industry,FRA,0.0,SRB,2012
907,IDN,Growing fruits and nuts industry,FRA,0.004582529680777449,SRB,2012
908,IDN,"Growing beverage crops (coffee, tea etc) industry",FRA,0.0010358102342922424,SRB,2012
909,IDN,"Growing spices, aromatic, drug and pharmaceutical crops industry",FRA,0.0027620291739976553,SRB,2012
910,IDN,Seeds and plant propagation industry,FRA,0.0,SRB,2012
911,IDN,Raising of cattle industry,FRA,0.0016123787397341461,SRB,2012
912,IDN,Growing wheat industry,GAB,0.0,SRB,2012
913,IDN,Growing maize industry,GAB,1.566021143020971e-05,SRB,2012
914,IDN,Growing cereals n.e.c industry,GAB,0.0,SRB,2012
915,IDN,Growing leguminous crops and oil seeds industry,GAB,0.0004202240080717441,SRB,2012
916,IDN,Growing rice industry,GAB,1.26091033413386e-08,SRB,2012
917,IDN,"Growing vegetables, roots, tubers industry",GAB,0.0,SRB,2012
918,IDN,Growing sugar beet and cane industry,GAB,7.508636371497194e-06,SRB,2012
919,IDN,Growing tobacco industry,GAB,7.4350368522247765e-06,SRB,2012
920,IDN,Growing fibre crops industry,GAB,2.008392078553906e-10,SRB,2012
921,IDN,Growing crops n.e.c. industry,GAB,3.367511786146325e-05,SRB,2012
922,IDN,Growing grapes industry,GAB,0.0,SRB,2012
923,IDN,Growing fruits and nuts industry,GAB,2.1306000065039986e-05,SRB,2012
924,IDN,"Growing beverage crops (coffee, tea etc) industry",GAB,4.0486939680894425e-06,SRB,2012
925,IDN,"Growing spices, aromatic, drug and pharmaceutical crops industry",GAB,1.0704857167718524e-05,SRB,2012
926,IDN,Seeds and plant propagation industry,GAB,0.0,SRB,2012
927,IDN,Raising of cattle industry,GAB,7.501307749111661e-06,SRB,2012
928,IDN,Growing wheat industry,GBR,0.0,SRB,2012
929,IDN,Growing maize industry,GBR,0.002751244143813362,SRB,2012
930,IDN,Growing cereals n.e.c industry,GBR,0.0,SRB,2012
931,IDN,Growing leguminous crops and oil seeds industry,GBR,0.07499740275271481,SRB,2012
932,IDN,Growing rice industry,GBR,2.341295446306309e-06,SRB,2012
933,IDN,"Growing vegetables, roots, tubers industry",GBR,0.0,SRB,2012
934,IDN,Growing sugar beet and cane industry,GBR,0.0013714440351744047,SRB,2012
935,IDN,Growing tobacco industry,GBR,0.0018138331756887072,SRB,2012
936,IDN,Growing fibre crops industry,GBR,4.319698415931186e-08,SRB,2012
937,IDN,Growing crops n.e.c. industry,GBR,0.006939692642583745,SRB,2012
938,IDN,Growing grapes industry,GBR,0.0,SRB,2012
939,IDN,Growing fruits and nuts industry,GBR,0.0042334318786694395,SRB,2012
940,IDN,"Growing beverage crops (coffee, tea etc) industry",GBR,0.0009229084625135353,SRB,2012
941,IDN,"Growing spices, aromatic, drug and pharmaceutical crops industry",GBR,0.002156053737098935,SRB,2012
942,IDN,Seeds and plant propagation industry,GBR,0.0,SRB,2012
943,IDN,Raising of cattle industry,GBR,0.0015142913613521766,SRB,2012
944,IDN,Growing wheat industry,GEO,0.0,SRB,2012
945,IDN,Growing maize industry,GEO,2.3510766220071932e-05,SRB,2012
946,IDN,Growing cereals n.e.c industry,GEO,0.0,SRB,2012
947,IDN,Growing leguminous crops and oil seeds industry,GEO,0.0006525599483860644,SRB,2012
948,IDN,Growing rice industry,GEO,2.6292821891892813e-08,SRB,2012
949,IDN,"Growing vegetables, roots, tubers industry",GEO,0.0,SRB,2012
950,IDN,Growing sugar beet and cane industry,GEO,9.416725100009437e-06,SRB,2012
951,IDN,Growing tobacco industry,GEO,8.970504656118266e-06,SRB,2012
952,IDN,Growing fibre crops industry,GEO,2.8291784392816263e-10,SRB,2012
953,IDN,Growing crops n.e.c. industry,GEO,4.9400684442975035e-05,SRB,2012
954,IDN,Growing grapes industry,GEO,0.0,SRB,2012
955,IDN,Growing fruits and nuts industry,GEO,3.895181891477072e-05,SRB,2012
956,IDN,"Growing beverage crops (coffee, tea etc) industry",GEO,5.8024806335316846e-06,SRB,2012
957,IDN,"Growing spices, aromatic, drug and pharmaceutical crops industry",GEO,3.3266150669774376e-05,SRB,2012
958,IDN,Seeds and plant propagation industry,GEO,0.0,SRB,2012
959,IDN,Raising of cattle industry,GEO,1.0133136153132039e-05,SRB,2012
960,IDN,Growing wheat industry,GHA,0.0,SRB,2012
961,IDN,Growing maize industry,GHA,6.380111114669252e-05,SRB,2012
962,IDN,Growing cereals n.e.c industry,GHA,0.0,SRB,2012
963,IDN,Growing leguminous crops and oil seeds industry,GHA,0.0016683573349296587,SRB,2012
964,IDN,Growing rice industry,GHA,4.668444992769973e-08,SRB,2012
965,IDN,"Growing vegetables, roots, tubers industry",GHA,0.0,SRB,2012
966,IDN,Growing sugar beet and cane industry,GHA,2.5510747268403577e-05,SRB,2012
967,IDN,Growing tobacco industry,GHA,2.1338863869449768e-05,SRB,2012
968,IDN,Growing fibre crops industry,GHA,6.771378205810728e-10,SRB,2012
969,IDN,Growing crops n.e.c. industry,GHA,0.0001207372792642374,SRB,2012
970,IDN,Growing grapes industry,GHA,0.0,SRB,2012
971,IDN,Growing fruits and nuts industry,GHA,7.83238595597793e-05,SRB,2012
972,IDN,"Growing beverage crops (coffee, tea etc) industry",GHA,1.3441394618333828e-05,SRB,2012
973,IDN,"Growing spices, aromatic, drug and pharmaceutical crops industry",GHA,3.7342347001129276e-05,SRB,2012
974,IDN,Seeds and plant propagation industry,GHA,0.0,SRB,2012
975,IDN,Raising of cattle industry,GHA,2.4225724547586607e-05,SRB,2012
976,IDN,Growing wheat industry,GIN,0.0,SRB,2012
977,IDN,Growing maize industry,GIN,6.974847052759204e-06,SRB,2012
978,IDN,Growing cereals n.e.c industry,GIN,0.0,SRB,2012
979,IDN,Growing leguminous crops and oil seeds industry,GIN,0.00020143825223338288,SRB,2012
980,IDN,Growing rice industry,GIN,5.8007774978408935e-09,SRB,2012
981,IDN,"Growing vegetables, roots, tubers industry",GIN,0.0,SRB,2012
982,IDN,Growing sugar beet and cane industry,GIN,2.9870335266317775e-06,SRB,2012
983,IDN,Growing tobacco industry,GIN,2.9446446889292295e-06,SRB,2012
984,IDN,Growing fibre crops industry,GIN,8.533401992672794e-11,SRB,2012
985,IDN,Growing crops n.e.c. industry,GIN,1.4041148244247452e-05,SRB,2012
986,IDN,Growing grapes industry,GIN,0.0,SRB,2012
987,IDN,Growing fruits and nuts industry,GIN,9.691428183540347e-06,SRB,2012
988,IDN,"Growing beverage crops (coffee, tea etc) industry",GIN,1.675886432077402e-06,SRB,2012
989,IDN,"Growing spices, aromatic, drug and pharmaceutical crops industry",GIN,5.279846227375911e-06,SRB,2012
990,IDN,Seeds and plant propagation industry,GIN,0.0,SRB,2012
991,IDN,Raising of cattle industry,GIN,3.2525216744791596e-06,SRB,2012
992,IDN,Growing wheat industry,GMB,0.0,SRB,2012
993,IDN,Growing maize industry,GMB,6.604130297422534e-07,SRB,2012
994,IDN,Growing cereals n.e.c industry,GMB,0.0,SRB,2012
995,IDN,Growing leguminous crops and oil seeds industry,GMB,1.7179317351207287e-05,SRB,2012
996,IDN,Growing rice industry,GMB,4.661567315263306e-10,SRB,2012
997,IDN,"Growing vegetables, roots, tubers industry",GMB,0.0,SRB,2012
998,IDN,Growing sugar beet and cane industry,GMB,2.44993363102532e-07,SRB,2012
999,IDN,Growing tobacco industry,GMB,2.2684289907189191e-07,SRB,2012
1000,IDN,Growing fibre crops industry,GMB,6.804656949147173e-12,SRB,2012
1001,IDN,Growing crops n.e.c. industry,GMB,1.1414344945893439e-06,SRB,2012
1002,IDN,Growing grapes industry,GMB,0.0,SRB,2012
1003,IDN,Growing fruits and nuts industry,GMB,8.102909679480776e-07,SRB,2012
1004,IDN,"Growing beverage crops (coffee, tea etc) industry",GMB,1.3386604894064134e-07,SRB,2012
1005,IDN,"Growing spices, aromatic, drug and pharmaceutical crops industry",GMB,3.709103932919177e-07,SRB,2012
1006,IDN,Seeds and plant propagation industry,GMB,0.0,SRB,2012
1007,IDN,Raising of cattle industry,GMB,2.4860734132202593e-07,SRB,2012
1008,IDN,Growing wheat industry,GNQ,0.0,SRB,2012
1009,IDN,Growing maize industry,GNQ,0.00013677237569996892,SRB,2012
1010,IDN,Growing cereals n.e.c industry,GNQ,0.0,SRB,2012
1011,IDN,Growing leguminous crops and oil seeds industry,GNQ,0.0034117438247901117,SRB,2012
1012,IDN,Growing rice industry,GNQ,8.092875010384723e-08,SRB,2012
1013,IDN,"Growing vegetables, roots, tubers industry",GNQ,0.0,SRB,2012
1014,IDN,Growing sugar beet and cane industry,GNQ,4.259205305735452e-05,SRB,2012
1015,IDN,Growing tobacco industry,GNQ,3.817746202051866e-05,SRB,2012
1016,IDN,Growing fibre crops industry,GNQ,1.245976399767212e-09,SRB,2012
1017,IDN,Growing crops n.e.c. industry,GNQ,0.00021254448644739818,SRB,2012
1018,IDN,Growing grapes industry,GNQ,0.0,SRB,2012
1019,IDN,Growing fruits and nuts industry,GNQ,0.0001440291133357655,SRB,2012
1020,IDN,"Growing beverage crops (coffee, tea etc) industry",GNQ,2.6340270743226468e-05,SRB,2012
1021,IDN,"Growing spices, aromatic, drug and pharmaceutical crops industry",GNQ,6.349528604440987e-05,SRB,2012
1022,IDN,Seeds and plant propagation industry,GNQ,0.0,SRB,2012
1023,IDN,Raising of cattle industry,GNQ,4.2311074446952165e-05,SRB,2012
1024,IDN,Growing wheat industry,GRC,0.0,SRB,2012
1025,IDN,Growing maize industry,GRC,0.001089368263180164,SRB,2012
1026,IDN,Growing cereals n.e.c industry,GRC,0.0,SRB,2012
1027,IDN,Growing leguminous crops and oil seeds industry,GRC,0.03255949642143753,SRB,2012
1028,IDN,Growing rice industry,GRC,1.4864504126241313e-06,SRB,2012
1029,IDN,"Growing vegetables, roots, tubers industry",GRC,0.0,SRB,2012
1030,IDN,Growing sugar beet and cane industry,GRC,0.0005261797871690776,SRB,2012
1031,IDN,Growing tobacco industry,GRC,0.0005258896284072905,SRB,2012
1032,IDN,Growing fibre crops industry,GRC,1.6885603169101948e-08,SRB,2012
1033,IDN,Growing crops n.e.c. industry,GRC,0.0024857984703835273,SRB,2012
1034,IDN,Growing grapes industry,GRC,0.0,SRB,2012
1035,IDN,Growing fruits and nuts industry,GRC,0.0017871457102339823,SRB,2012
1036,IDN,"Growing beverage crops (coffee, tea etc) industry",GRC,0.0003238518374568208,SRB,2012
1037,IDN,"Growing spices, aromatic, drug and pharmaceutical crops industry",GRC,0.0012176428632378231,SRB,2012
1038,IDN,Seeds and plant propagation industry,GRC,0.0,SRB,2012
1039,IDN,Raising of cattle industry,GRC,0.0005679738907362892,SRB,2012
1040,IDN,Growing wheat industry,GTM,0.0,SRB,2012
1041,IDN,Growing maize industry,GTM,1.3379806939952446e-05,SRB,2012
1042,IDN,Growing cereals n.e.c industry,GTM,0.0,SRB,2012
1043,IDN,Growing leguminous crops and oil seeds industry,GTM,0.00037968937986805,SRB,2012
1044,IDN,Growing rice industry,GTM,1.2948318880988731e-08,SRB,2012
1045,IDN,"Growing vegetables, roots, tubers industry",GTM,0.0,SRB,2012
1046,IDN,Growing sugar beet and cane industry,GTM,5.668564753012735e-06,SRB,2012
1047,IDN,Growing tobacco industry,GTM,5.452014959416624e-06,SRB,2012
1048,IDN,Growing fibre crops industry,GTM,1.5348590643927076e-10,SRB,2012
1049,IDN,Growing crops n.e.c. industry,GTM,2.8447092856039143e-05,SRB,2012
1050,IDN,Growing grapes industry,GTM,0.0,SRB,2012
1051,IDN,Growing fruits and nuts industry,GTM,1.7877252149764645e-05,SRB,2012
1052,IDN,"Growing beverage crops (coffee, tea etc) industry",GTM,3.113849622378992e-06,SRB,2012
1053,IDN,"Growing spices, aromatic, drug and pharmaceutical crops industry",GTM,9.076660911983123e-06,SRB,2012
1054,IDN,Seeds and plant propagation industry,GTM,0.0,SRB,2012
1055,IDN,Raising of cattle industry,GTM,5.719746323654939e-06,SRB,2012
1056,IDN,Growing wheat industry,HND,0.0,SRB,2012
1057,IDN,Growing maize industry,HND,7.741561788795101e-06,SRB,2012
1058,IDN,Growing cereals n.e.c industry,HND,0.0,SRB,2012
1059,IDN,Growing leguminous crops and oil seeds industry,HND,0.0002235797110589174,SRB,2012
1060,IDN,Growing rice industry,HND,6.1673163357405914e-09,SRB,2012
1061,IDN,"Growing vegetables, roots, tubers industry",HND,0.0,SRB,2012
1062,IDN,Growing sugar beet and cane industry,HND,3.279837731984748e-06,SRB,2012
1063,IDN,Growing tobacco industry,HND,3.0815418926340736e-06,SRB,2012
1064,IDN,Growing fibre crops industry,HND,9.125797924549692e-11,SRB,2012
1065,IDN,Growing crops n.e.c. industry,HND,1.583284045064376e-05,SRB,2012
1066,IDN,Growing grapes industry,HND,0.0,SRB,2012
1067,IDN,Growing fruits and nuts industry,HND,1.024323521297161e-05,SRB,2012
1068,IDN,"Growing beverage crops (coffee, tea etc) industry",HND,1.800118126244689e-06,SRB,2012
1069,IDN,"Growing spices, aromatic, drug and pharmaceutical crops industry",HND,4.952053529749263e-06,SRB,2012
1070,IDN,Seeds and plant propagation industry,HND,0.0,SRB,2012
1071,IDN,Raising of cattle industry,HND,3.359813290412872e-06,SRB,2012
1072,IDN,Growing wheat industry,HKG,0.0,SRB,2012
1073,IDN,Growing maize industry,HKG,0.0012468512276578704,SRB,2012
1074,IDN,Growing cereals n.e.c industry,HKG,0.0,SRB,2012
1075,IDN,Growing leguminous crops and oil seeds industry,HKG,0.03790538832804175,SRB,2012
1076,IDN,Growing rice industry,HKG,1.083398654337829e-06,SRB,2012
1077,IDN,"Growing vegetables, roots, tubers industry",HKG,0.0,SRB,2012
1078,IDN,Growing sugar beet and cane industry,HKG,0.0006032150132455075,SRB,2012
1079,IDN,Growing tobacco industry,HKG,0.0007277873393756548,SRB,2012
1080,IDN,Growing fibre crops industry,HKG,1.563837268980281e-08,SRB,2012
1081,IDN,Growing crops n.e.c. industry,HKG,0.002826212664690378,SRB,2012
1082,IDN,Growing grapes industry,HKG,0.0,SRB,2012
1083,IDN,Growing fruits and nuts industry,HKG,0.001768925178607135,SRB,2012
1084,IDN,"Growing beverage crops (coffee, tea etc) industry",HKG,0.00040450659442036336,SRB,2012
1085,IDN,"Growing spices, aromatic, drug and pharmaceutical crops industry",HKG,0.0008302539665588054,SRB,2012
1086,IDN,Seeds and plant propagation industry,HKG,0.0,SRB,2012
1087,IDN,Raising of cattle industry,HKG,0.0005473425447927564,SRB,2012
1088,IDN,Growing wheat industry,HRV,0.0,SRB,2012
1089,IDN,Growing maize industry,HRV,0.0011530297626028087,SRB,2012
1090,IDN,Growing cereals n.e.c industry,HRV,0.0,SRB,2012
1091,IDN,Growing leguminous crops and oil seeds industry,HRV,0.02919298075373529,SRB,2012
1092,IDN,Growing rice industry,HRV,1.366651106558269e-06,SRB,2012
1093,IDN,"Growing vegetables, roots, tubers industry",HRV,0.0,SRB,2012
1094,IDN,Growing sugar beet and cane industry,HRV,0.0005778342633138241,SRB,2012
1095,IDN,Growing tobacco industry,HRV,0.0007637404237397287,SRB,2012
1096,IDN,Growing fibre crops industry,HRV,2.3138689614209325e-08,SRB,2012
1097,IDN,Growing crops n.e.c. industry,HRV,0.0027609567597318353,SRB,2012
1098,IDN,Growing grapes industry,HRV,0.0,SRB,2012
1099,IDN,Growing fruits and nuts industry,HRV,0.0018358757344039476,SRB,2012
1100,IDN,"Growing beverage crops (coffee, tea etc) industry",HRV,0.00043103408301025894,SRB,2012
1101,IDN,"Growing spices, aromatic, drug and pharmaceutical crops industry",HRV,0.0010840505574663702,SRB,2012
1102,IDN,Seeds and plant propagation industry,HRV,0.0,SRB,2012
1103,IDN,Raising of cattle industry,HRV,0.0007001441579719498,SRB,2012
1104,IDN,Growing wheat industry,HTI,0.0,SRB,2012
1105,IDN,Growing maize industry,HTI,3.2810186317929863e-06,SRB,2012
1106,IDN,Growing cereals n.e.c industry,HTI,0.0,SRB,2012
1107,IDN,Growing leguminous crops and oil seeds industry,HTI,9.750472389489643e-05,SRB,2012
1108,IDN,Growing rice industry,HTI,3.0513690515395586e-09,SRB,2012
1109,IDN,"Growing vegetables, roots, tubers industry",HTI,0.0,SRB,2012
1110,IDN,Growing sugar beet and cane industry,HTI,1.4540519751811257e-06,SRB,2012
1111,IDN,Growing tobacco industry,HTI,1.4564153695475061e-06,SRB,2012
1112,IDN,Growing fibre crops industry,HTI,3.955809969730847e-11,SRB,2012
1113,IDN,Growing crops n.e.c. industry,HTI,6.804506398996698e-06,SRB,2012
1114,IDN,Growing grapes industry,HTI,0.0,SRB,2012
1115,IDN,Growing fruits and nuts industry,HTI,4.691642019075865e-06,SRB,2012
1116,IDN,"Growing beverage crops (coffee, tea etc) industry",HTI,7.929170849251171e-07,SRB,2012
1117,IDN,"Growing spices, aromatic, drug and pharmaceutical crops industry",HTI,2.1724247367110178e-06,SRB,2012
1118,IDN,Seeds and plant propagation industry,HTI,0.0,SRB,2012
1119,IDN,Raising of cattle industry,HTI,1.451632764794721e-06,SRB,2012
1120,IDN,Growing wheat industry,HUN,0.0,SRB,2012
1121,IDN,Growing maize industry,HUN,0.0009879489178622825,SRB,2012
1122,IDN,Growing cereals n.e.c industry,HUN,0.0,SRB,2012
1123,IDN,Growing leguminous crops and oil seeds industry,HUN,0.025427917963431915,SRB,2012
1124,IDN,Growing rice industry,HUN,1.4347425656513236e-06,SRB,2012
1125,IDN,"Growing vegetables, roots, tubers industry",HUN,0.0,SRB,2012
1126,IDN,Growing sugar beet and cane industry,HUN,0.00048018401121798583,SRB,2012
1127,IDN,Growing tobacco industry,HUN,0.0005320721632114823,SRB,2012
1128,IDN,Growing fibre crops industry,HUN,1.586724539679983e-08,SRB,2012
1129,IDN,Growing crops n.e.c. industry,HUN,0.0022579917048222505,SRB,2012
1130,IDN,Growing grapes industry,HUN,0.0,SRB,2012
1131,IDN,Growing fruits and nuts industry,HUN,0.0015262298183904765,SRB,2012
1132,IDN,"Growing beverage crops (coffee, tea etc) industry",HUN,0.0003090655981270817,SRB,2012
1133,IDN,"Growing spices, aromatic, drug and pharmaceutical crops industry",HUN,0.0010934589544538363,SRB,2012
1134,IDN,Seeds and plant propagation industry,HUN,0.0,SRB,2012
1135,IDN,Raising of cattle industry,HUN,0.0005483420185942461,SRB,2012
1136,IDN,Growing wheat industry,IDN,0.0,SRB,2012
1137,IDN,Growing maize industry,IDN,0.0017557573490974083,SRB,2012
1138,IDN,Growing cereals n.e.c industry,IDN,0.0,SRB,2012
1139,IDN,Growing leguminous crops and oil seeds industry,IDN,0.059296415352559334,SRB,2012
1140,IDN,Growing rice industry,IDN,1.6435875554132306e-06,SRB,2012
1141,IDN,"Growing vegetables, roots, tubers industry",IDN,0.0,SRB,2012
1142,IDN,Growing sugar beet and cane industry,IDN,0.0007989620434368818,SRB,2012
1143,IDN,Growing tobacco industry,IDN,0.000600848072628616,SRB,2012
1144,IDN,Growing fibre crops industry,IDN,2.0267753710509792e-08,SRB,2012
1145,IDN,Growing crops n.e.c. industry,IDN,0.0040029413916362,SRB,2012
1146,IDN,Growing grapes industry,IDN,0.0,SRB,2012
1147,IDN,Growing fruits and nuts industry,IDN,0.0025061421854225318,SRB,2012
1148,IDN,"Growing beverage crops (coffee, tea etc) industry",IDN,0.00037763110180553814,SRB,2012
1149,IDN,"Growing spices, aromatic, drug and pharmaceutical crops industry",IDN,0.0012392727237165754,SRB,2012
1150,IDN,Seeds and plant propagation industry,IDN,0.0,SRB,2012
1151,IDN,Raising of cattle industry,IDN,0.0007469083233781537,SRB,2012
1152,IDN,Growing wheat industry,IND,0.0,SRB,2012
1153,IDN,Growing maize industry,IND,0.007649712427942668,SRB,2012
1154,IDN,Growing cereals n.e.c industry,IND,0.0,SRB,2012
1155,IDN,Growing leguminous crops and oil seeds industry,IND,0.2388682663244522,SRB,2012
1156,IDN,Growing rice industry,IND,6.71182103750562e-06,SRB,2012
1157,IDN,"Growing vegetables, roots, tubers industry",IND,0.0,SRB,2012
1158,IDN,Growing sugar beet and cane industry,IND,0.003696035108254619,SRB,2012
1159,IDN,Growing tobacco industry,IND,0.004163549990483247,SRB,2012
1160,IDN,Growing fibre crops industry,IND,9.778784125314048e-08,SRB,2012
1161,IDN,Growing crops n.e.c. industry,IND,0.016169622655782118,SRB,2012
1162,IDN,Growing grapes industry,IND,0.0,SRB,2012
1163,IDN,Growing fruits and nuts industry,IND,0.011535814137790899,SRB,2012
1164,IDN,"Growing beverage crops (coffee, tea etc) industry",IND,0.0020624706692224095,SRB,2012
1165,IDN,"Growing spices, aromatic, drug and pharmaceutical crops industry",IND,0.0049195751681570515,SRB,2012
1166,IDN,Seeds and plant propagation industry,IND,0.0,SRB,2012
1167,IDN,Raising of cattle industry,IND,0.00383365433856918,SRB,2012
1168,IDN,Growing wheat industry,IRL,0.0,SRB,2012
1169,IDN,Growing maize industry,IRL,0.0006648906225751939,SRB,2012
1170,IDN,Growing cereals n.e.c industry,IRL,0.0,SRB,2012
1171,IDN,Growing leguminous crops and oil seeds industry,IRL,0.01863829224156918,SRB,2012
1172,IDN,Growing rice industry,IRL,5.782535742093785e-07,SRB,2012
1173,IDN,"Growing vegetables, roots, tubers industry",IRL,0.0,SRB,2012
1174,IDN,Growing sugar beet and cane industry,IRL,0.0003371581831059966,SRB,2012
1175,IDN,Growing tobacco industry,IRL,0.0004312833259040655,SRB,2012
1176,IDN,Growing fibre crops industry,IRL,1.0260464366638462e-08,SRB,2012
1177,IDN,Growing crops n.e.c. industry,IRL,0.0015058406445784117,SRB,2012
1178,IDN,Growing grapes industry,IRL,0.0,SRB,2012
1179,IDN,Growing fruits and nuts industry,IRL,0.0010179100788252292,SRB,2012
1180,IDN,"Growing beverage crops (coffee, tea etc) industry",IRL,0.00028525055260539294,SRB,2012
1181,IDN,"Growing spices, aromatic, drug and pharmaceutical crops industry",IRL,0.0005090929600489614,SRB,2012
1182,IDN,Seeds and plant propagation industry,IRL,0.0,SRB,2012
1183,IDN,Raising of cattle industry,IRL,0.0003585035128531445,SRB,2012
1184,IDN,Growing wheat industry,IRN,0.0,SRB,2012
1185,IDN,Growing maize industry,IRN,0.00040775058347129625,SRB,2012
1186,IDN,Growing cereals n.e.c industry,IRN,0.0,SRB,2012
1187,IDN,Growing leguminous crops and oil seeds industry,IRN,0.010006720059746559,SRB,2012
1188,IDN,Growing rice industry,IRN,2.821792701447584e-07,SRB,2012
1189,IDN,"Growing vegetables, roots, tubers industry",IRN,0.0,SRB,2012
1190,IDN,Growing sugar beet and cane industry,IRN,0.0001548535649494545,SRB,2012
1191,IDN,Growing tobacco industry,IRN,0.00015564661871481694,SRB,2012
1192,IDN,Growing fibre crops industry,IRN,4.810780404737491e-09,SRB,2012
1193,IDN,Growing crops n.e.c. industry,IRN,0.0008507759331281823,SRB,2012
1194,IDN,Growing grapes industry,IRN,0.0,SRB,2012
1195,IDN,Growing fruits and nuts industry,IRN,0.0004982880192138066,SRB,2012
1196,IDN,"Growing beverage crops (coffee, tea etc) industry",IRN,9.530808574085168e-05,SRB,2012
1197,IDN,"Growing spices, aromatic, drug and pharmaceutical crops industry",IRN,0.00022058213908272438,SRB,2012
1198,IDN,Seeds and plant propagation industry,IRN,0.0,SRB,2012
1199,IDN,Raising of cattle industry,IRN,0.00017036103518573045,SRB,2012
1200,IDN,Growing wheat industry,IRQ,0.0,SRB,2012
1201,IDN,Growing maize industry,IRQ,0.0018793949258296301,SRB,2012
1202,IDN,Growing cereals n.e.c industry,IRQ,0.0,SRB,2012
1203,IDN,Growing leguminous crops and oil seeds industry,IRQ,0.06563757802260564,SRB,2012
1204,IDN,Growing rice industry,IRQ,1.8075097449435357e-06,SRB,2012
1205,IDN,"Growing vegetables, roots, tubers industry",IRQ,0.0,SRB,2012
1206,IDN,Growing sugar beet and cane industry,IRQ,0.0009370050445023662,SRB,2012
1207,IDN,Growing tobacco industry,IRQ,0.0005780348812714403,SRB,2012
1208,IDN,Growing fibre crops industry,IRQ,3.075058270985705e-08,SRB,2012
1209,IDN,Growing crops n.e.c. industry,IRQ,0.003938650061397215,SRB,2012
1210,IDN,Growing grapes industry,IRQ,0.0,SRB,2012
1211,IDN,Growing fruits and nuts industry,IRQ,0.0027136774410158725,SRB,2012
1212,IDN,"Growing beverage crops (coffee, tea etc) industry",IRQ,0.0003871291974554995,SRB,2012
1213,IDN,"Growing spices, aromatic, drug and pharmaceutical crops industry",IRQ,0.0012916322827532965,SRB,2012
1214,IDN,Seeds and plant propagation industry,IRQ,0.0,SRB,2012
1215,IDN,Raising of cattle industry,IRQ,0.0007973327031226487,SRB,2012
1216,IDN,Growing wheat industry,ISL,0.0,SRB,2012
1217,IDN,Growing maize industry,ISL,6.125749744077577e-05,SRB,2012
1218,IDN,Growing cereals n.e.c industry,ISL,0.0,SRB,2012
1219,IDN,Growing leguminous crops and oil seeds industry,ISL,0.0015798302358720566,SRB,2012
1220,IDN,Growing rice industry,ISL,4.881688708217487e-08,SRB,2012
1221,IDN,"Growing vegetables, roots, tubers industry",ISL,0.0,SRB,2012
1222,IDN,Growing sugar beet and cane industry,ISL,3.2588912575674384e-05,SRB,2012
1223,IDN,Growing tobacco industry,ISL,3.101308656597294e-05,SRB,2012
1224,IDN,Growing fibre crops industry,ISL,1.04180851080968e-09,SRB,2012
1225,IDN,Growing crops n.e.c. industry,ISL,0.0001566857204569052,SRB,2012
1226,IDN,Growing grapes industry,ISL,0.0,SRB,2012
1227,IDN,Growing fruits and nuts industry,ISL,8.16657094993975e-05,SRB,2012
1228,IDN,"Growing beverage crops (coffee, tea etc) industry",ISL,1.9098245413600563e-05,SRB,2012
1229,IDN,"Growing spices, aromatic, drug and pharmaceutical crops industry",ISL,4.468144842246614e-05,SRB,2012
1230,IDN,Seeds and plant propagation industry,ISL,0.0,SRB,2012
1231,IDN,Raising of cattle industry,ISL,3.133395272062138e-05,SRB,2012
1232,IDN,Growing wheat industry,ISR,0.0,SRB,2012
1233,IDN,Growing maize industry,ISR,0.0008059964847866164,SRB,2012
1234,IDN,Growing cereals n.e.c industry,ISR,0.0,SRB,2012
1235,IDN,Growing leguminous crops and oil seeds industry,ISR,0.022757341487127363,SRB,2012
1236,IDN,Growing rice industry,ISR,6.815625876784484e-07,SRB,2012
1237,IDN,"Growing vegetables, roots, tubers industry",ISR,0.0,SRB,2012
1238,IDN,Growing sugar beet and cane industry,ISR,0.0003936392773894843,SRB,2012
1239,IDN,Growing tobacco industry,ISR,0.0005814325935080781,SRB,2012
1240,IDN,Growing fibre crops industry,ISR,1.1557135203602528e-08,SRB,2012
1241,IDN,Growing crops n.e.c. industry,ISR,0.00196507701390094,SRB,2012
1242,IDN,Growing grapes industry,ISR,0.0,SRB,2012
1243,IDN,Growing fruits and nuts industry,ISR,0.0012219840681314132,SRB,2012
1244,IDN,"Growing beverage crops (coffee, tea etc) industry",ISR,0.00047621336931468703,SRB,2012
1245,IDN,"Growing spices, aromatic, drug and pharmaceutical crops industry",ISR,0.000698877909425672,SRB,2012
1246,IDN,Seeds and plant propagation industry,ISR,0.0,SRB,2012
1247,IDN,Raising of cattle industry,ISR,0.000412620603828406,SRB,2012
1248,IDN,Growing wheat industry,ITA,0.0,SRB,2012
1249,IDN,Growing maize industry,ITA,0.00394253562103408,SRB,2012
1250,IDN,Growing cereals n.e.c industry,ITA,0.0,SRB,2012
1251,IDN,Growing leguminous crops and oil seeds industry,ITA,0.1042748103880661,SRB,2012
1252,IDN,Growing rice industry,ITA,3.8211019820871e-06,SRB,2012
1253,IDN,"Growing vegetables, roots, tubers industry",ITA,0.0,SRB,2012
1254,IDN,Growing sugar beet and cane industry,ITA,0.002249509598667996,SRB,2012
1255,IDN,Growing tobacco industry,ITA,0.0024806952976951196,SRB,2012
1256,IDN,Growing fibre crops industry,ITA,1.4400786348660733e-07,SRB,2012
1257,IDN,Growing crops n.e.c. industry,ITA,0.01003941245764325,SRB,2012
1258,IDN,Growing grapes industry,ITA,0.0,SRB,2012
1259,IDN,Growing fruits and nuts industry,ITA,0.006048173792527813,SRB,2012
1260,IDN,"Growing beverage crops (coffee, tea etc) industry",ITA,0.0014798033895317407,SRB,2012
1261,IDN,"Growing spices, aromatic, drug and pharmaceutical crops industry",ITA,0.003993334675486491,SRB,2012
1262,IDN,Seeds and plant propagation industry,ITA,0.0,SRB,2012
1263,IDN,Raising of cattle industry,ITA,0.002557597616212637,SRB,2012
1264,IDN,Growing wheat industry,JAM,0.0,SRB,2012
1265,IDN,Growing maize industry,JAM,9.107695987008066e-06,SRB,2012
1266,IDN,Growing cereals n.e.c industry,JAM,0.0,SRB,2012
1267,IDN,Growing leguminous crops and oil seeds industry,JAM,0.0002953870663129391,SRB,2012
1268,IDN,Growing rice industry,JAM,7.976591109793768e-09,SRB,2012
1269,IDN,"Growing vegetables, roots, tubers industry",JAM,0.0,SRB,2012
1270,IDN,Growing sugar beet and cane industry,JAM,3.8455051457356585e-06,SRB,2012
1271,IDN,Growing tobacco industry,JAM,3.1153975678955197e-06,SRB,2012
1272,IDN,Growing fibre crops industry,JAM,9.424754800274119e-11,SRB,2012
1273,IDN,Growing crops n.e.c. industry,JAM,1.7750994298801677e-05,SRB,2012
1274,IDN,Growing grapes industry,JAM,0.0,SRB,2012
1275,IDN,Growing fruits and nuts industry,JAM,1.27793372727596e-05,SRB,2012
1276,IDN,"Growing beverage crops (coffee, tea etc) industry",JAM,1.8495602591064132e-06,SRB,2012
1277,IDN,"Growing spices, aromatic, drug and pharmaceutical crops industry",JAM,5.748707915834664e-06,SRB,2012
1278,IDN,Seeds and plant propagation industry,JAM,0.0,SRB,2012
1279,IDN,Raising of cattle industry,JAM,3.5878785909330593e-06,SRB,2012
1280,IDN,Growing wheat industry,JOR,0.0,SRB,2012
1281,IDN,Growing maize industry,JOR,0.00032156469419106784,SRB,2012
1282,IDN,Growing cereals n.e.c industry,JOR,0.0,SRB,2012
1283,IDN,Growing leguminous crops and oil seeds industry,JOR,0.006743117781696274,SRB,2012
1284,IDN,Growing rice industry,JOR,1.657515506593252e-07,SRB,2012
1285,IDN,"Growing vegetables, roots, tubers industry",JOR,0.0,SRB,2012
1286,IDN,Growing sugar beet and cane industry,JOR,8.630413270755802e-05,SRB,2012
1287,IDN,Growing tobacco industry,JOR,7.335228776677972e-05,SRB,2012
1288,IDN,Growing fibre crops industry,JOR,2.1711764877598334e-09,SRB,2012
1289,IDN,Growing crops n.e.c. industry,JOR,0.0003849417246742704,SRB,2012
1290,IDN,Growing grapes industry,JOR,0.0,SRB,2012
1291,IDN,Growing fruits and nuts industry,JOR,0.00027441116641496537,SRB,2012
1292,IDN,"Growing beverage crops (coffee, tea etc) industry",JOR,4.348932328111622e-05,SRB,2012
1293,IDN,"Growing spices, aromatic, drug and pharmaceutical crops industry",JOR,0.00011321343503295168,SRB,2012
1294,IDN,Seeds and plant propagation industry,JOR,0.0,SRB,2012
1295,IDN,Raising of cattle industry,JOR,7.866922195976182e-05,SRB,2012
1296,IDN,Growing wheat industry,JPN,0.0,SRB,2012
1297,IDN,Growing maize industry,JPN,0.009828914184113857,SRB,2012
1298,IDN,Growing cereals n.e.c industry,JPN,0.0,SRB,2012
1299,IDN,Growing leguminous crops and oil seeds industry,JPN,0.2892830656809326,SRB,2012
1300,IDN,Growing rice industry,JPN,8.19689035973916e-06,SRB,2012
1301,IDN,"Growing vegetables, roots, tubers industry",JPN,0.0,SRB,2012
1302,IDN,Growing sugar beet and cane industry,JPN,0.004762151496138885,SRB,2012
1303,IDN,Growing tobacco industry,JPN,0.007015857006117751,SRB,2012
1304,IDN,Growing fibre crops industry,JPN,1.4159035086781314e-07,SRB,2012
1305,IDN,Growing crops n.e.c. industry,JPN,0.02223351532669468,SRB,2012
1306,IDN,Growing grapes industry,JPN,0.0,SRB,2012
1307,IDN,Growing fruits and nuts industry,JPN,0.014531287781166054,SRB,2012
1308,IDN,"Growing beverage crops (coffee, tea etc) industry",JPN,0.004266692201756636,SRB,2012
1309,IDN,"Growing spices, aromatic, drug and pharmaceutical crops industry",JPN,0.007075641677279042,SRB,2012
1310,IDN,Seeds and plant propagation industry,JPN,0.0,SRB,2012
1311,IDN,Raising of cattle industry,JPN,0.004948670115242838,SRB,2012
1312,IDN,Growing wheat industry,KAZ,0.0,SRB,2012
1313,IDN,Growing maize industry,KAZ,0.0006171024804414788,SRB,2012
1314,IDN,Growing cereals n.e.c industry,KAZ,0.0,SRB,2012
1315,IDN,Growing leguminous crops and oil seeds industry,KAZ,0.018268062518540983,SRB,2012
1316,IDN,Growing rice industry,KAZ,5.274375763192031e-07,SRB,2012
1317,IDN,"Growing vegetables, roots, tubers industry",KAZ,0.0,SRB,2012
1318,IDN,Growing sugar beet and cane industry,KAZ,0.00030025614393384834,SRB,2012
1319,IDN,Growing tobacco industry,KAZ,0.000246120794660623,SRB,2012
1320,IDN,Growing fibre crops industry,KAZ,7.488539763714444e-09,SRB,2012
1321,IDN,Growing crops n.e.c. industry,KAZ,0.0014074697339539128,SRB,2012
1322,IDN,Growing grapes industry,KAZ,0.0,SRB,2012
1323,IDN,Growing fruits and nuts industry,KAZ,0.0008430557037324115,SRB,2012
1324,IDN,"Growing beverage crops (coffee, tea etc) industry",KAZ,0.00016304226526069868,SRB,2012
1325,IDN,"Growing spices, aromatic, drug and pharmaceutical crops industry",KAZ,0.0004208273847117497,SRB,2012
1326,IDN,Seeds and plant propagation industry,KAZ,0.0,SRB,2012
1327,IDN,Raising of cattle industry,KAZ,0.0002806745260607882,SRB,2012
1328,IDN,Growing wheat industry,KEN,0.0,SRB,2012
1329,IDN,Growing maize industry,KEN,8.227684242785718e-05,SRB,2012
1330,IDN,Growing cereals n.e.c industry,KEN,0.0,SRB,2012
1331,IDN,Growing leguminous crops and oil seeds industry,KEN,0.0024975241128807257,SRB,2012
1332,IDN,Growing rice industry,KEN,6.93720049299698e-08,SRB,2012
1333,IDN,"Growing vegetables, roots, tubers industry",KEN,0.0,SRB,2012
1334,IDN,Growing sugar beet and cane industry,KEN,3.56340741073341e-05,SRB,2012
1335,IDN,Growing tobacco industry,KEN,3.146054487888011e-05,SRB,2012
1336,IDN,Growing fibre crops industry,KEN,9.343922607570945e-10,SRB,2012
1337,IDN,Growing crops n.e.c. industry,KEN,0.00018682317451301347,SRB,2012
1338,IDN,Growing grapes industry,KEN,0.0,SRB,2012
1339,IDN,Growing fruits and nuts industry,KEN,0.00010998302159783758,SRB,2012
1340,IDN,"Growing beverage crops (coffee, tea etc) industry",KEN,1.8860430701309923e-05,SRB,2012
1341,IDN,"Growing spices, aromatic, drug and pharmaceutical crops industry",KEN,5.633139706775498e-05,SRB,2012
1342,IDN,Seeds and plant propagation industry,KEN,0.0,SRB,2012
1343,IDN,Raising of cattle industry,KEN,3.659620401576027e-05,SRB,2012
1344,IDN,Growing wheat industry,KGZ,0.0,SRB,2012
1345,IDN,Growing maize industry,KGZ,0.0009173477707685447,SRB,2012
1346,IDN,Growing cereals n.e.c industry,KGZ,0.0,SRB,2012
1347,IDN,Growing leguminous crops and oil seeds industry,KGZ,0.03502425711583663,SRB,2012
1348,IDN,Growing rice industry,KGZ,9.208219122383814e-07,SRB,2012
1349,IDN,"Growing vegetables, roots, tubers industry",KGZ,0.0,SRB,2012
1350,IDN,Growing sugar beet and cane industry,KGZ,0.00040872312322638764,SRB,2012
1351,IDN,Growing tobacco industry,KGZ,0.00025694639071262304,SRB,2012
1352,IDN,Growing fibre crops industry,KGZ,8.675212553609365e-09,SRB,2012
1353,IDN,Growing crops n.e.c. industry,KGZ,0.0018639801121063603,SRB,2012
1354,IDN,Growing grapes industry,KGZ,0.0,SRB,2012
1355,IDN,Growing fruits and nuts industry,KGZ,0.0013760946339031448,SRB,2012
1356,IDN,"Growing beverage crops (coffee, tea etc) industry",KGZ,0.00016750678404561678,SRB,2012
1357,IDN,"Growing spices, aromatic, drug and pharmaceutical crops industry",KGZ,0.0006077522051991626,SRB,2012
1358,IDN,Seeds and plant propagation industry,KGZ,0.0,SRB,2012
1359,IDN,Raising of cattle industry,KGZ,0.00035432747834034686,SRB,2012
1360,IDN,Growing wheat industry,KHM,0.0,SRB,2012
1361,IDN,Growing maize industry,KHM,6.517040576057267e-05,SRB,2012
1362,IDN,Growing cereals n.e.c industry,KHM,0.0,SRB,2012
1363,IDN,Growing leguminous crops and oil seeds industry,KHM,0.002167011149277485,SRB,2012
1364,IDN,Growing rice industry,KHM,6.176006733895554e-08,SRB,2012
1365,IDN,"Growing vegetables, roots, tubers industry",KHM,0.0,SRB,2012
1366,IDN,Growing sugar beet and cane industry,KHM,3.0976345359898655e-05,SRB,2012
1367,IDN,Growing tobacco industry,KHM,2.277419828131074e-05,SRB,2012
1368,IDN,Growing fibre crops industry,KHM,8.173535850463449e-10,SRB,2012
1369,IDN,Growing crops n.e.c. industry,KHM,0.00015281437247849315,SRB,2012
1370,IDN,Growing grapes industry,KHM,0.0,SRB,2012
1371,IDN,Growing fruits and nuts industry,KHM,9.248177213933963e-05,SRB,2012
1372,IDN,"Growing beverage crops (coffee, tea etc) industry",KHM,1.5224777125526438e-05,SRB,2012
1373,IDN,"Growing spices, aromatic, drug and pharmaceutical crops industry",KHM,5.2053675794028544e-05,SRB,2012
1374,IDN,Seeds and plant propagation industry,KHM,0.0,SRB,2012
1375,IDN,Raising of cattle industry,KHM,2.899390496417091e-05,SRB,2012
1376,IDN,Growing wheat industry,KOR,0.0,SRB,2012
1377,IDN,Growing maize industry,KOR,0.001171695878849347,SRB,2012
1378,IDN,Growing cereals n.e.c industry,KOR,0.0,SRB,2012
1379,IDN,Growing leguminous crops and oil seeds industry,KOR,0.029796959714477742,SRB,2012
1380,IDN,Growing rice industry,KOR,8.6597269017965e-07,SRB,2012
1381,IDN,"Growing vegetables, roots, tubers industry",KOR,0.0,SRB,2012
1382,IDN,Growing sugar beet and cane industry,KOR,0.0005431967572440634,SRB,2012
1383,IDN,Growing tobacco industry,KOR,0.000704547774455281,SRB,2012
1384,IDN,Growing fibre crops industry,KOR,1.6329712711964533e-08,SRB,2012
1385,IDN,Growing crops n.e.c. industry,KOR,0.002413011469733212,SRB,2012
1386,IDN,Growing grapes industry,KOR,0.0,SRB,2012
1387,IDN,Growing fruits and nuts industry,KOR,0.0016108617645737254,SRB,2012
1388,IDN,"Growing beverage crops (coffee, tea etc) industry",KOR,0.0003433100504782515,SRB,2012
1389,IDN,"Growing spices, aromatic, drug and pharmaceutical crops industry",KOR,0.0006922211785247382,SRB,2012
1390,IDN,Seeds and plant propagation industry,KOR,0.0,SRB,2012
1391,IDN,Raising of cattle industry,KOR,0.0005793233635675869,SRB,2012
1392,IDN,Growing wheat industry,KWT,0.0,SRB,2012
1393,IDN,Growing maize industry,KWT,0.0002835338252014068,SRB,2012
1394,IDN,Growing cereals n.e.c industry,KWT,0.0,SRB,2012
1395,IDN,Growing leguminous crops and oil seeds industry,KWT,0.007134372644490582,SRB,2012
1396,IDN,Growing rice industry,KWT,1.962860448804626e-07,SRB,2012
1397,IDN,"Growing vegetables, roots, tubers industry",KWT,0.0,SRB,2012
1398,IDN,Growing sugar beet and cane industry,KWT,0.00010081022849539949,SRB,2012
1399,IDN,Growing tobacco industry,KWT,7.923065394792524e-05,SRB,2012
1400,IDN,Growing fibre crops industry,KWT,2.538755327589499e-09,SRB,2012
1401,IDN,Growing crops n.e.c. industry,KWT,0.00045060500650966675,SRB,2012
1402,IDN,Growing grapes industry,KWT,0.0,SRB,2012
1403,IDN,Growing fruits and nuts industry,KWT,0.00031133559597687016,SRB,2012
1404,IDN,"Growing beverage crops (coffee, tea etc) industry",KWT,4.906864080434908e-05,SRB,2012
1405,IDN,"Growing spices, aromatic, drug and pharmaceutical crops industry",KWT,0.00015224750138234354,SRB,2012
1406,IDN,Seeds and plant propagation industry,KWT,0.0,SRB,2012
1407,IDN,Raising of cattle industry,KWT,8.998690362544463e-05,SRB,2012
1408,IDN,Growing wheat industry,LAO,0.0,SRB,2012
1409,IDN,Growing maize industry,LAO,1.536831988979004e-05,SRB,2012
1410,IDN,Growing cereals n.e.c industry,LAO,0.0,SRB,2012
1411,IDN,Growing leguminous crops and oil seeds industry,LAO,0.00043440749617797706,SRB,2012
1412,IDN,Growing rice industry,LAO,1.2657149623517245e-08,SRB,2012
1413,IDN,"Growing vegetables, roots, tubers industry",LAO,0.0,SRB,2012
1414,IDN,Growing sugar beet and cane industry,LAO,6.902830999272844e-06,SRB,2012
1415,IDN,Growing tobacco industry,LAO,7.63557637256968e-06,SRB,2012
1416,IDN,Growing fibre crops industry,LAO,1.8936328777137234e-10,SRB,2012
1417,IDN,Growing crops n.e.c. industry,LAO,3.1385342523508267e-05,SRB,2012
1418,IDN,Growing grapes industry,LAO,0.0,SRB,2012
1419,IDN,Growing fruits and nuts industry,LAO,2.3750895402440643e-05,SRB,2012
1420,IDN,"Growing beverage crops (coffee, tea etc) industry",LAO,4.364480558300452e-06,SRB,2012
1421,IDN,"Growing spices, aromatic, drug and pharmaceutical crops industry",LAO,9.799204674124166e-06,SRB,2012
1422,IDN,Seeds and plant propagation industry,LAO,0.0,SRB,2012
1423,IDN,Raising of cattle industry,LAO,6.934261822330886e-06,SRB,2012
1424,IDN,Growing wheat industry,LBN,0.0,SRB,2012
1425,IDN,Growing maize industry,LBN,0.00035102041164715447,SRB,2012
1426,IDN,Growing cereals n.e.c industry,LBN,0.0,SRB,2012
1427,IDN,Growing leguminous crops and oil seeds industry,LBN,0.00916755246813738,SRB,2012
1428,IDN,Growing rice industry,LBN,3.330770706594901e-07,SRB,2012
1429,IDN,"Growing vegetables, roots, tubers industry",LBN,0.0,SRB,2012
1430,IDN,Growing sugar beet and cane industry,LBN,0.00013810115837964196,SRB,2012
1431,IDN,Growing tobacco industry,LBN,0.00010676338011295638,SRB,2012
1432,IDN,Growing fibre crops industry,LBN,3.557279288679613e-09,SRB,2012
1433,IDN,Growing crops n.e.c. industry,LBN,0.0006053557589709513,SRB,2012
1434,IDN,Growing grapes industry,LBN,0.0,SRB,2012
1435,IDN,Growing fruits and nuts industry,LBN,0.0005090639743259903,SRB,2012
1436,IDN,"Growing beverage crops (coffee, tea etc) industry",LBN,7.047204554180249e-05,SRB,2012
1437,IDN,"Growing spices, aromatic, drug and pharmaceutical crops industry",LBN,0.00037430409201920015,SRB,2012
1438,IDN,Seeds and plant propagation industry,LBN,0.0,SRB,2012
1439,IDN,Raising of cattle industry,LBN,0.00012697912185168463,SRB,2012
1440,IDN,Growing wheat industry,LBR,0.0,SRB,2012
1441,IDN,Growing maize industry,LBR,1.4306586131381744e-06,SRB,2012
1442,IDN,Growing cereals n.e.c industry,LBR,0.0,SRB,2012
1443,IDN,Growing leguminous crops and oil seeds industry,LBR,4.263694224422749e-05,SRB,2012
1444,IDN,Growing rice industry,LBR,1.2154711376926602e-09,SRB,2012
1445,IDN,"Growing vegetables, roots, tubers industry",LBR,0.0,SRB,2012
1446,IDN,Growing sugar beet and cane industry,LBR,6.4306571633629e-07,SRB,2012
1447,IDN,Growing tobacco industry,LBR,6.21732923500222e-07,SRB,2012
1448,IDN,Growing fibre crops industry,LBR,1.6923534868749837e-11,SRB,2012
1449,IDN,Growing crops n.e.c. industry,LBR,3.0927525839094825e-06,SRB,2012
1450,IDN,Growing grapes industry,LBR,0.0,SRB,2012
1451,IDN,Growing fruits and nuts industry,LBR,2.0215644900009055e-06,SRB,2012
1452,IDN,"Growing beverage crops (coffee, tea etc) industry",LBR,3.549757238915711e-07,SRB,2012
1453,IDN,"Growing spices, aromatic, drug and pharmaceutical crops industry",LBR,9.390946471438395e-07,SRB,2012
1454,IDN,Seeds and plant propagation industry,LBR,0.0,SRB,2012
1455,IDN,Raising of cattle industry,LBR,6.307681069637202e-07,SRB,2012
1456,IDN,Growing wheat industry,LBY,0.0,SRB,2012
1457,IDN,Growing maize industry,LBY,0.00018196175361100548,SRB,2012
1458,IDN,Growing cereals n.e.c industry,LBY,0.0,SRB,2012
1459,IDN,Growing leguminous crops and oil seeds industry,LBY,0.004447928485106322,SRB,2012
1460,IDN,Growing rice industry,LBY,1.5971667440513685e-07,SRB,2012
1461,IDN,"Growing vegetables, roots, tubers industry",LBY,0.0,SRB,2012
1462,IDN,Growing sugar beet and cane industry,LBY,7.491098736032645e-05,SRB,2012
1463,IDN,Growing tobacco industry,LBY,6.838020653905355e-05,SRB,2012
1464,IDN,Growing fibre crops industry,LBY,2.0927079050721487e-09,SRB,2012
1465,IDN,Growing crops n.e.c. industry,LBY,0.00032834011515748483,SRB,2012
1466,IDN,Growing grapes industry,LBY,0.0,SRB,2012
1467,IDN,Growing fruits and nuts industry,LBY,0.0002372124940377813,SRB,2012
1468,IDN,"Growing beverage crops (coffee, tea etc) industry",LBY,4.1937622822438976e-05,SRB,2012
1469,IDN,"Growing spices, aromatic, drug and pharmaceutical crops industry",LBY,0.0001661705881323026,SRB,2012
1470,IDN,Seeds and plant propagation industry,LBY,0.0,SRB,2012
1471,IDN,Raising of cattle industry,LBY,7.837368173327158e-05,SRB,2012
1472,IDN,Growing wheat industry,LKA,0.0,SRB,2012
1473,IDN,Growing maize industry,LKA,9.071630352098607e-05,SRB,2012
1474,IDN,Growing cereals n.e.c industry,LKA,0.0,SRB,2012
1475,IDN,Growing leguminous crops and oil seeds industry,LKA,0.002277083924257811,SRB,2012
1476,IDN,Growing rice industry,LKA,6.039538054081323e-08,SRB,2012
1477,IDN,"Growing vegetables, roots, tubers industry",LKA,0.0,SRB,2012
1478,IDN,Growing sugar beet and cane industry,LKA,3.232824870141133e-05,SRB,2012
1479,IDN,Growing tobacco industry,LKA,2.9698256922656733e-05,SRB,2012
1480,IDN,Growing fibre crops industry,LKA,8.943666856024697e-10,SRB,2012
1481,IDN,Growing crops n.e.c. industry,LKA,0.0001452215376587677,SRB,2012
1482,IDN,Growing grapes industry,LKA,0.0,SRB,2012
1483,IDN,Growing fruits and nuts industry,LKA,0.00010155031058214412,SRB,2012
1484,IDN,"Growing beverage crops (coffee, tea etc) industry",LKA,1.7432865709386673e-05,SRB,2012
1485,IDN,"Growing spices, aromatic, drug and pharmaceutical crops industry",LKA,4.571261804688805e-05,SRB,2012
1486,IDN,Seeds and plant propagation industry,LKA,0.0,SRB,2012
1487,IDN,Raising of cattle industry,LKA,3.10474024631291e-05,SRB,2012
1488,IDN,Growing wheat industry,LTU,0.0,SRB,2012
1489,IDN,Growing maize industry,LTU,0.0002183776271228476,SRB,2012
1490,IDN,Growing cereals n.e.c industry,LTU,0.0,SRB,2012
1491,IDN,Growing leguminous crops and oil seeds industry,LTU,0.00587964661267847,SRB,2012
1492,IDN,Growing rice industry,LTU,1.7379175419702297e-07,SRB,2012
1493,IDN,"Growing vegetables, roots, tubers industry",LTU,0.0,SRB,2012
1494,IDN,Growing sugar beet and cane industry,LTU,0.00010528587141876913,SRB,2012
1495,IDN,Growing tobacco industry,LTU,0.00013238222903639253,SRB,2012
1496,IDN,Growing fibre crops industry,LTU,3.430632952363993e-09,SRB,2012
1497,IDN,Growing crops n.e.c. industry,LTU,0.00045000805235386376,SRB,2012
1498,IDN,Growing grapes industry,LTU,0.0,SRB,2012
1499,IDN,Growing fruits and nuts industry,LTU,0.00031615453298495676,SRB,2012
1500,IDN,"Growing beverage crops (coffee, tea etc) industry",LTU,6.714152097073504e-05,SRB,2012
1501,IDN,"Growing spices, aromatic, drug and pharmaceutical crops industry",LTU,0.00015368856643154335,SRB,2012
1502,IDN,Seeds and plant propagation industry,LTU,0.0,SRB,2012
1503,IDN,Raising of cattle industry,LTU,0.00011524835511831733,SRB,2012
1504,IDN,Growing wheat industry,LUX,0.0,SRB,2012
1505,IDN,Growing maize industry,LUX,0.00017914349204317974,SRB,2012
1506,IDN,Growing cereals n.e.c industry,LUX,0.0,SRB,2012
1507,IDN,Growing leguminous crops and oil seeds industry,LUX,0.004128155163927712,SRB,2012
1508,IDN,Growing rice industry,LUX,1.4392241474141466e-07,SRB,2012
1509,IDN,"Growing vegetables, roots, tubers industry",LUX,0.0,SRB,2012
1510,IDN,Growing sugar beet and cane industry,LUX,0.00010033862219831266,SRB,2012
1511,IDN,Growing tobacco industry,LUX,0.0001848678760121573,SRB,2012
1512,IDN,Growing fibre crops industry,LUX,3.550807645797581e-09,SRB,2012
1513,IDN,Growing crops n.e.c. industry,LUX,0.0003510550091873248,SRB,2012
1514,IDN,Growing grapes industry,LUX,0.0,SRB,2012
1515,IDN,Growing fruits and nuts industry,LUX,0.0003285012738317326,SRB,2012
1516,IDN,"Growing beverage crops (coffee, tea etc) industry",LUX,7.126314971923913e-05,SRB,2012
1517,IDN,"Growing spices, aromatic, drug and pharmaceutical crops industry",LUX,0.000120250787453322,SRB,2012
1518,IDN,Seeds and plant propagation industry,LUX,0.0,SRB,2012
1519,IDN,Raising of cattle industry,LUX,0.00011864346868311696,SRB,2012
1520,IDN,Growing wheat industry,LVA,0.0,SRB,2012
1521,IDN,Growing maize industry,LVA,0.00011667767923789842,SRB,2012
1522,IDN,Growing cereals n.e.c industry,LVA,0.0,SRB,2012
1523,IDN,Growing leguminous crops and oil seeds industry,LVA,0.003499614466661096,SRB,2012
1524,IDN,Growing rice industry,LVA,9.963052486781406e-08,SRB,2012
1525,IDN,"Growing vegetables, roots, tubers industry",LVA,0.0,SRB,2012
1526,IDN,Growing sugar beet and cane industry,LVA,4.8978854955988497e-05,SRB,2012
1527,IDN,Growing tobacco industry,LVA,6.0704280987240745e-05,SRB,2012
1528,IDN,Growing fibre crops industry,LVA,1.4398893801160524e-09,SRB,2012
1529,IDN,Growing crops n.e.c. industry,LVA,0.00022542212098707387,SRB,2012
1530,IDN,Growing grapes industry,LVA,0.0,SRB,2012
1531,IDN,Growing fruits and nuts industry,LVA,0.00016763724175115422,SRB,2012
1532,IDN,"Growing beverage crops (coffee, tea etc) industry",LVA,4.717819625927211e-05,SRB,2012
1533,IDN,"Growing spices, aromatic, drug and pharmaceutical crops industry",LVA,9.80237846369085e-05,SRB,2012
1534,IDN,Seeds and plant propagation industry,LVA,0.0,SRB,2012
1535,IDN,Raising of cattle industry,LVA,4.785137798444466e-05,SRB,2012
1536,IDN,Growing wheat industry,MAR,0.0,SRB,2012
1537,IDN,Growing maize industry,MAR,0.00038228509883334646,SRB,2012
1538,IDN,Growing cereals n.e.c industry,MAR,0.0,SRB,2012
1539,IDN,Growing leguminous crops and oil seeds industry,MAR,0.010605372579793573,SRB,2012
1540,IDN,Growing rice industry,MAR,3.2880241685524854e-07,SRB,2012
1541,IDN,"Growing vegetables, roots, tubers industry",MAR,0.0,SRB,2012
1542,IDN,Growing sugar beet and cane industry,MAR,0.0001918292660558522,SRB,2012
1543,IDN,Growing tobacco industry,MAR,0.00016233290637552021,SRB,2012
1544,IDN,Growing fibre crops industry,MAR,4.710514370748975e-09,SRB,2012
1545,IDN,Growing crops n.e.c. industry,MAR,0.0008570994559167969,SRB,2012
1546,IDN,Growing grapes industry,MAR,0.0,SRB,2012
1547,IDN,Growing fruits and nuts industry,MAR,0.0005224496240019876,SRB,2012
1548,IDN,"Growing beverage crops (coffee, tea etc) industry",MAR,0.00011718770892308514,SRB,2012
1549,IDN,"Growing spices, aromatic, drug and pharmaceutical crops industry",MAR,0.0003147950238507781,SRB,2012
1550,IDN,Seeds and plant propagation industry,MAR,0.0,SRB,2012
1551,IDN,Raising of cattle industry,MAR,0.00016980622158826935,SRB,2012
1552,IDN,Growing wheat industry,MDA,0.0,SRB,2012
1553,IDN,Growing maize industry,MDA,7.902458756980994e-05,SRB,2012
1554,IDN,Growing cereals n.e.c industry,MDA,0.0,SRB,2012
1555,IDN,Growing leguminous crops and oil seeds industry,MDA,0.00190285153223663,SRB,2012
1556,IDN,Growing rice industry,MDA,4.7363677792363356e-08,SRB,2012
1557,IDN,"Growing vegetables, roots, tubers industry",MDA,0.0,SRB,2012
1558,IDN,Growing sugar beet and cane industry,MDA,3.133321232767272e-05,SRB,2012
1559,IDN,Growing tobacco industry,MDA,2.331133404129067e-05,SRB,2012
1560,IDN,Growing fibre crops industry,MDA,2.180066407574798e-09,SRB,2012
1561,IDN,Growing crops n.e.c. industry,MDA,0.00013438262981184433,SRB,2012
1562,IDN,Growing grapes industry,MDA,0.0,SRB,2012
1563,IDN,Growing fruits and nuts industry,MDA,8.075387950056826e-05,SRB,2012
1564,IDN,"Growing beverage crops (coffee, tea etc) industry",MDA,1.6117413247395554e-05,SRB,2012
1565,IDN,"Growing spices, aromatic, drug and pharmaceutical crops industry",MDA,4.4432709277205624e-05,SRB,2012
1566,IDN,Seeds and plant propagation industry,MDA,0.0,SRB,2012
1567,IDN,Raising of cattle industry,MDA,3.2307590757312014e-05,SRB,2012
1568,IDN,Growing wheat industry,MDG,0.0,SRB,2012
1569,IDN,Growing maize industry,MDG,5.451945413451937e-06,SRB,2012
1570,IDN,Growing cereals n.e.c industry,MDG,0.0,SRB,2012
1571,IDN,Growing leguminous crops and oil seeds industry,MDG,0.00014393025595451012,SRB,2012
1572,IDN,Growing rice industry,MDG,3.984232142718459e-09,SRB,2012
1573,IDN,"Growing vegetables, roots, tubers industry",MDG,0.0,SRB,2012
1574,IDN,Growing sugar beet and cane industry,MDG,2.147275570926875e-06,SRB,2012
1575,IDN,Growing tobacco industry,MDG,2.170413426288109e-06,SRB,2012
1576,IDN,Growing fibre crops industry,MDG,6.034348846196823e-11,SRB,2012
1577,IDN,Growing crops n.e.c. industry,MDG,1.0407557058004126e-05,SRB,2012
1578,IDN,Growing grapes industry,MDG,0.0,SRB,2012
1579,IDN,Growing fruits and nuts industry,MDG,7.0378261879235725e-06,SRB,2012
1580,IDN,"Growing beverage crops (coffee, tea etc) industry",MDG,1.2736912203034446e-06,SRB,2012
1581,IDN,"Growing spices, aromatic, drug and pharmaceutical crops industry",MDG,3.36784402031906e-06,SRB,2012
1582,IDN,Seeds and plant propagation industry,MDG,0.0,SRB,2012
1583,IDN,Raising of cattle industry,MDG,2.1623903002988284e-06,SRB,2012
1584,IDN,Growing wheat industry,MEX,0.0,SRB,2012
1585,IDN,Growing maize industry,MEX,0.00039281617070019583,SRB,2012
1586,IDN,Growing cereals n.e.c industry,MEX,0.0,SRB,2012
1587,IDN,Growing leguminous crops and oil seeds industry,MEX,0.010644290015865074,SRB,2012
1588,IDN,Growing rice industry,MEX,3.0126231306007164e-07,SRB,2012
1589,IDN,"Growing vegetables, roots, tubers industry",MEX,0.0,SRB,2012
1590,IDN,Growing sugar beet and cane industry,MEX,0.00017441132555621927,SRB,2012
1591,IDN,Growing tobacco industry,MEX,0.0001991755163940212,SRB,2012
1592,IDN,Growing fibre crops industry,MEX,5.6288239016247e-09,SRB,2012
1593,IDN,Growing crops n.e.c. industry,MEX,0.0011002106164625482,SRB,2012
1594,IDN,Growing grapes industry,MEX,0.0,SRB,2012
1595,IDN,Growing fruits and nuts industry,MEX,0.0005082035783526357,SRB,2012
1596,IDN,"Growing beverage crops (coffee, tea etc) industry",MEX,0.00011607213506395768,SRB,2012
1597,IDN,"Growing spices, aromatic, drug and pharmaceutical crops industry",MEX,0.0002468229200681696,SRB,2012
1598,IDN,Seeds and plant propagation industry,MEX,0.0,SRB,2012
1599,IDN,Raising of cattle industry,MEX,0.0001929527310902726,SRB,2012
1600,IDN,Growing wheat industry,MKD,0.0,SRB,2012
1601,IDN,Growing maize industry,MKD,0.0006656404121466165,SRB,2012
1602,IDN,Growing cereals n.e.c industry,MKD,0.0,SRB,2012
1603,IDN,Growing leguminous crops and oil seeds industry,MKD,0.01844663691781979,SRB,2012
1604,IDN,Growing rice industry,MKD,2.2875762962217815e-06,SRB,2012
1605,IDN,"Growing vegetables, roots, tubers industry",MKD,0.0,SRB,2012
1606,IDN,Growing sugar beet and cane industry,MKD,0.0002679773551220869,SRB,2012
1607,IDN,Growing tobacco industry,MKD,0.00027294169306112115,SRB,2012
1608,IDN,Growing fibre crops industry,MKD,1.0545626346206376e-08,SRB,2012
1609,IDN,Growing crops n.e.c. industry,MKD,0.0014107034078052099,SRB,2012
1610,IDN,Growing grapes industry,MKD,0.0,SRB,2012
1611,IDN,Growing fruits and nuts industry,MKD,0.0013338015591651065,SRB,2012
1612,IDN,"Growing beverage crops (coffee, tea etc) industry",MKD,0.00018075531742485314,SRB,2012
1613,IDN,"Growing spices, aromatic, drug and pharmaceutical crops industry",MKD,0.001260004171289784,SRB,2012
1614,IDN,Seeds and plant propagation industry,MKD,0.0,SRB,2012
1615,IDN,Raising of cattle industry,MKD,0.0003209645725737179,SRB,2012
1616,IDN,Growing wheat industry,MLI,0.0,SRB,2012
1617,IDN,Growing maize industry,MLI,6.489668103356798e-06,SRB,2012
1618,IDN,Growing cereals n.e.c industry,MLI,0.0,SRB,2012
1619,IDN,Growing leguminous crops and oil seeds industry,MLI,0.0001692586876226898,SRB,2012
1620,IDN,Growing rice industry,MLI,4.794389722410009e-09,SRB,2012
1621,IDN,"Growing vegetables, roots, tubers industry",MLI,0.0,SRB,2012
1622,IDN,Growing sugar beet and cane industry,MLI,2.756929262147369e-06,SRB,2012
1623,IDN,Growing tobacco industry,MLI,3.3016415999159e-06,SRB,2012
1624,IDN,Growing fibre crops industry,MLI,8.339670051791386e-11,SRB,2012
1625,IDN,Growing crops n.e.c. industry,MLI,1.865058360997413e-05,SRB,2012
1626,IDN,Growing grapes industry,MLI,0.0,SRB,2012
1627,IDN,Growing fruits and nuts industry,MLI,8.074552192353535e-06,SRB,2012
1628,IDN,"Growing beverage crops (coffee, tea etc) industry",MLI,1.8174153861740668e-06,SRB,2012
1629,IDN,"Growing spices, aromatic, drug and pharmaceutical crops industry",MLI,3.946244223552072e-06,SRB,2012
1630,IDN,Seeds and plant propagation industry,MLI,0.0,SRB,2012
1631,IDN,Raising of cattle industry,MLI,3.0486488019358933e-06,SRB,2012
1632,IDN,Growing wheat industry,MLT,0.0,SRB,2012
1633,IDN,Growing maize industry,MLT,3.876630370847393e-05,SRB,2012
1634,IDN,Growing cereals n.e.c industry,MLT,0.0,SRB,2012
1635,IDN,Growing leguminous crops and oil seeds industry,MLT,0.0011803705287088675,SRB,2012
1636,IDN,Growing rice industry,MLT,3.4077292621064186e-08,SRB,2012
1637,IDN,"Growing vegetables, roots, tubers industry",MLT,0.0,SRB,2012
1638,IDN,Growing sugar beet and cane industry,MLT,1.9269719623565464e-05,SRB,2012
1639,IDN,Growing tobacco industry,MLT,1.7733745515785442e-05,SRB,2012
1640,IDN,Growing fibre crops industry,MLT,6.399990679427909e-10,SRB,2012
1641,IDN,Growing crops n.e.c. industry,MLT,8.228721754420422e-05,SRB,2012
1642,IDN,Growing grapes industry,MLT,0.0,SRB,2012
1643,IDN,Growing fruits and nuts industry,MLT,5.665872514903568e-05,SRB,2012
1644,IDN,"Growing beverage crops (coffee, tea etc) industry",MLT,1.0901105413095529e-05,SRB,2012
1645,IDN,"Growing spices, aromatic, drug and pharmaceutical crops industry",MLT,2.7122670775509616e-05,SRB,2012
1646,IDN,Seeds and plant propagation industry,MLT,0.0,SRB,2012
1647,IDN,Raising of cattle industry,MLT,1.843510912119103e-05,SRB,2012
1648,IDN,Growing wheat industry,MMR,0.0,SRB,2012
1649,IDN,Growing maize industry,MMR,0.0013586934533974392,SRB,2012
1650,IDN,Growing cereals n.e.c industry,MMR,0.0,SRB,2012
1651,IDN,Growing leguminous crops and oil seeds industry,MMR,0.05056029700124956,SRB,2012
1652,IDN,Growing rice industry,MMR,1.3533588406547628e-06,SRB,2012
1653,IDN,"Growing vegetables, roots, tubers industry",MMR,0.0,SRB,2012
1654,IDN,Growing sugar beet and cane industry,MMR,0.000619983812787465,SRB,2012
1655,IDN,Growing tobacco industry,MMR,0.0003938082840589744,SRB,2012
1656,IDN,Growing fibre crops industry,MMR,1.341857895582744e-08,SRB,2012
1657,IDN,Growing crops n.e.c. industry,MMR,0.002831020842585985,SRB,2012
1658,IDN,Growing grapes industry,MMR,0.0,SRB,2012
1659,IDN,Growing fruits and nuts industry,MMR,0.0020191244815702877,SRB,2012
1660,IDN,"Growing beverage crops (coffee, tea etc) industry",MMR,0.0002608819937114671,SRB,2012
1661,IDN,"Growing spices, aromatic, drug and pharmaceutical crops industry",MMR,0.0009257465697386735,SRB,2012
1662,IDN,Seeds and plant propagation industry,MMR,0.0,SRB,2012
1663,IDN,Raising of cattle industry,MMR,0.0005370814347464353,SRB,2012
1664,IDN,Growing wheat industry,MNG,0.0,SRB,2012
1665,IDN,Growing maize industry,MNG,1.8736499407506246e-05,SRB,2012
1666,IDN,Growing cereals n.e.c industry,MNG,0.0,SRB,2012
1667,IDN,Growing leguminous crops and oil seeds industry,MNG,0.0005514201409961146,SRB,2012
1668,IDN,Growing rice industry,MNG,1.5934580833492486e-08,SRB,2012
1669,IDN,"Growing vegetables, roots, tubers industry",MNG,0.0,SRB,2012
1670,IDN,Growing sugar beet and cane industry,MNG,8.20057249095269e-06,SRB,2012
1671,IDN,Growing tobacco industry,MNG,7.2856583805086295e-06,SRB,2012
1672,IDN,Growing fibre crops industry,MNG,2.2800101114068014e-10,SRB,2012
1673,IDN,Growing crops n.e.c. industry,MNG,4.1395941149847636e-05,SRB,2012
1674,IDN,Growing grapes industry,MNG,0.0,SRB,2012
1675,IDN,Growing fruits and nuts industry,MNG,2.55644141028095e-05,SRB,2012
1676,IDN,"Growing beverage crops (coffee, tea etc) industry",MNG,4.569712112414842e-06,SRB,2012
1677,IDN,"Growing spices, aromatic, drug and pharmaceutical crops industry",MNG,1.3542979915753686e-05,SRB,2012
1678,IDN,Seeds and plant propagation industry,MNG,0.0,SRB,2012
1679,IDN,Raising of cattle industry,MNG,8.435782216924373e-06,SRB,2012
1680,IDN,Growing wheat industry,MOZ,0.0,SRB,2012
1681,IDN,Growing maize industry,MOZ,1.7462023293671655e-05,SRB,2012
1682,IDN,Growing cereals n.e.c industry,MOZ,0.0,SRB,2012
1683,IDN,Growing leguminous crops and oil seeds industry,MOZ,0.00047648226263124013,SRB,2012
1684,IDN,Growing rice industry,MOZ,1.2887178730159052e-08,SRB,2012
1685,IDN,"Growing vegetables, roots, tubers industry",MOZ,0.0,SRB,2012
1686,IDN,Growing sugar beet and cane industry,MOZ,7.011003535037514e-06,SRB,2012
1687,IDN,Growing tobacco industry,MOZ,8.067070332133959e-06,SRB,2012
1688,IDN,Growing fibre crops industry,MOZ,1.9269889209002385e-10,SRB,2012
1689,IDN,Growing crops n.e.c. industry,MOZ,3.3312453059474935e-05,SRB,2012
1690,IDN,Growing grapes industry,MOZ,0.0,SRB,2012
1691,IDN,Growing fruits and nuts industry,MOZ,2.2268177064251513e-05,SRB,2012
1692,IDN,"Growing beverage crops (coffee, tea etc) industry",MOZ,4.27199062630086e-06,SRB,2012
1693,IDN,"Growing spices, aromatic, drug and pharmaceutical crops industry",MOZ,9.658410259832269e-06,SRB,2012
1694,IDN,Seeds and plant propagation industry,MOZ,0.0,SRB,2012
1695,IDN,Raising of cattle industry,MOZ,6.898724395933152e-06,SRB,2012
1696,IDN,Growing wheat industry,MRT,0.0,SRB,2012
1697,IDN,Growing maize industry,MRT,1.2722775623874746e-05,SRB,2012
1698,IDN,Growing cereals n.e.c industry,MRT,0.0,SRB,2012
1699,IDN,Growing leguminous crops and oil seeds industry,MRT,0.0003492092360994468,SRB,2012
1700,IDN,Growing rice industry,MRT,1.0838313922868012e-08,SRB,2012
1701,IDN,"Growing vegetables, roots, tubers industry",MRT,0.0,SRB,2012
1702,IDN,Growing sugar beet and cane industry,MRT,6.731153000595858e-06,SRB,2012
1703,IDN,Growing tobacco industry,MRT,7.121951959066492e-06,SRB,2012
1704,IDN,Growing fibre crops industry,MRT,1.8175506075729387e-10,SRB,2012
1705,IDN,Growing crops n.e.c. industry,MRT,2.956330810972905e-05,SRB,2012
1706,IDN,Growing grapes industry,MRT,0.0,SRB,2012
1707,IDN,Growing fruits and nuts industry,MRT,1.8975784207953407e-05,SRB,2012
1708,IDN,"Growing beverage crops (coffee, tea etc) industry",MRT,3.7395509565337236e-06,SRB,2012
1709,IDN,"Growing spices, aromatic, drug and pharmaceutical crops industry",MRT,9.351508734620144e-06,SRB,2012
1710,IDN,Seeds and plant propagation industry,MRT,0.0,SRB,2012
1711,IDN,Raising of cattle industry,MRT,6.593446476880024e-06,SRB,2012
1712,IDN,Growing wheat industry,MWI,0.0,SRB,2012
1713,IDN,Growing maize industry,MWI,2.8625558982279957e-06,SRB,2012
1714,IDN,Growing cereals n.e.c industry,MWI,0.0,SRB,2012
1715,IDN,Growing leguminous crops and oil seeds industry,MWI,8.10975754907508e-05,SRB,2012
1716,IDN,Growing rice industry,MWI,2.29656250001361e-09,SRB,2012
1717,IDN,"Growing vegetables, roots, tubers industry",MWI,0.0,SRB,2012
1718,IDN,Growing sugar beet and cane industry,MWI,1.2372452134401003e-06,SRB,2012
1719,IDN,Growing tobacco industry,MWI,1.4925863280027707e-06,SRB,2012
1720,IDN,Growing fibre crops industry,MWI,3.4734441188820516e-11,SRB,2012
1721,IDN,Growing crops n.e.c. industry,MWI,5.600697904811146e-06,SRB,2012
1722,IDN,Growing grapes industry,MWI,0.0,SRB,2012
1723,IDN,Growing fruits and nuts industry,MWI,4.1760829060714686e-06,SRB,2012
1724,IDN,"Growing beverage crops (coffee, tea etc) industry",MWI,7.58399131350463e-07,SRB,2012
1725,IDN,"Growing spices, aromatic, drug and pharmaceutical crops industry",MWI,1.8115100037357738e-06,SRB,2012
1726,IDN,Seeds and plant propagation industry,MWI,0.0,SRB,2012
1727,IDN,Raising of cattle industry,MWI,1.2346272412944492e-06,SRB,2012
1728,IDN,Growing wheat industry,MYS,0.0,SRB,2012
1729,IDN,Growing maize industry,MYS,0.0009117240917470219,SRB,2012
1730,IDN,Growing cereals n.e.c industry,MYS,0.0,SRB,2012
1731,IDN,Growing leguminous crops and oil seeds industry,MYS,0.021984467857053675,SRB,2012
1732,IDN,Growing rice industry,MYS,6.54986760206359e-07,SRB,2012
1733,IDN,"Growing vegetables, roots, tubers industry",MYS,0.0,SRB,2012
1734,IDN,Growing sugar beet and cane industry,MYS,0.00040872922230240027,SRB,2012
1735,IDN,Growing tobacco industry,MYS,0.0004930782085665537,SRB,2012
1736,IDN,Growing fibre crops industry,MYS,1.1815940460302951e-08,SRB,2012
1737,IDN,Growing crops n.e.c. industry,MYS,0.0036326370763463804,SRB,2012
1738,IDN,Growing grapes industry,MYS,0.0,SRB,2012
1739,IDN,Growing fruits and nuts industry,MYS,0.0010100674288439353,SRB,2012
1740,IDN,"Growing beverage crops (coffee, tea etc) industry",MYS,0.0002814212378210335,SRB,2012
1741,IDN,"Growing spices, aromatic, drug and pharmaceutical crops industry",MYS,0.0005315805437602804,SRB,2012
1742,IDN,Seeds and plant propagation industry,MYS,0.0,SRB,2012
1743,IDN,Raising of cattle industry,MYS,0.00046474671234823057,SRB,2012
1744,IDN,Growing wheat industry,NAM,0.0,SRB,2012
1745,IDN,Growing maize industry,NAM,1.251731442008182e-05,SRB,2012
1746,IDN,Growing cereals n.e.c industry,NAM,0.0,SRB,2012
1747,IDN,Growing leguminous crops and oil seeds industry,NAM,0.0003641099274210417,SRB,2012
1748,IDN,Growing rice industry,NAM,1.019437049977426e-08,SRB,2012
1749,IDN,"Growing vegetables, roots, tubers industry",NAM,0.0,SRB,2012
1750,IDN,Growing sugar beet and cane industry,NAM,5.575821450730222e-06,SRB,2012
1751,IDN,Growing tobacco industry,NAM,7.21389034632949e-06,SRB,2012
1752,IDN,Growing fibre crops industry,NAM,1.524356846751764e-10,SRB,2012
1753,IDN,Growing crops n.e.c. industry,NAM,2.414232444858965e-05,SRB,2012
1754,IDN,Growing grapes industry,NAM,0.0,SRB,2012
1755,IDN,Growing fruits and nuts industry,NAM,1.7572128995064735e-05,SRB,2012
1756,IDN,"Growing beverage crops (coffee, tea etc) industry",NAM,3.5265341459847805e-06,SRB,2012
1757,IDN,"Growing spices, aromatic, drug and pharmaceutical crops industry",NAM,7.23446491974781e-06,SRB,2012
1758,IDN,Seeds and plant propagation industry,NAM,0.0,SRB,2012
1759,IDN,Raising of cattle industry,NAM,5.240943943678002e-06,SRB,2012
1760,IDN,Growing wheat industry,NER,0.0,SRB,2012
1761,IDN,Growing maize industry,NER,1.2193097524738195e-05,SRB,2012
1762,IDN,Growing cereals n.e.c industry,NER,0.0,SRB,2012
1763,IDN,Growing leguminous crops and oil seeds industry,NER,0.0003200278258528142,SRB,2012
1764,IDN,Growing rice industry,NER,9.414633670631749e-09,SRB,2012
1765,IDN,"Growing vegetables, roots, tubers industry",NER,0.0,SRB,2012
1766,IDN,Growing sugar beet and cane industry,NER,4.885787518241829e-06,SRB,2012
1767,IDN,Growing tobacco industry,NER,4.1539157447014565e-06,SRB,2012
1768,IDN,Growing fibre crops industry,NER,1.2974382159266192e-10,SRB,2012
1769,IDN,Growing crops n.e.c. industry,NER,2.30358685310674e-05,SRB,2012
1770,IDN,Growing grapes industry,NER,0.0,SRB,2012
1771,IDN,Growing fruits and nuts industry,NER,1.5458520447987848e-05,SRB,2012
1772,IDN,"Growing beverage crops (coffee, tea etc) industry",NER,2.56211216709441e-06,SRB,2012
1773,IDN,"Growing spices, aromatic, drug and pharmaceutical crops industry",NER,8.198665463153413e-06,SRB,2012
1774,IDN,Seeds and plant propagation industry,NER,0.0,SRB,2012
1775,IDN,Raising of cattle industry,NER,4.715713521851471e-06,SRB,2012
1776,IDN,Growing wheat industry,NGA,0.0,SRB,2012
1777,IDN,Growing maize industry,NGA,0.0003107293559045441,SRB,2012
1778,IDN,Growing cereals n.e.c industry,NGA,0.0,SRB,2012
1779,IDN,Growing leguminous crops and oil seeds industry,NGA,0.009383502329250228,SRB,2012
1780,IDN,Growing rice industry,NGA,2.598554413582553e-07,SRB,2012
1781,IDN,"Growing vegetables, roots, tubers industry",NGA,0.0,SRB,2012
1782,IDN,Growing sugar beet and cane industry,NGA,0.00014132138247349298,SRB,2012
1783,IDN,Growing tobacco industry,NGA,0.0002086879538248562,SRB,2012
1784,IDN,Growing fibre crops industry,NGA,4.173785314157756e-09,SRB,2012
1785,IDN,Growing crops n.e.c. industry,NGA,0.0005929491988108786,SRB,2012
1786,IDN,Growing grapes industry,NGA,0.0,SRB,2012
1787,IDN,Growing fruits and nuts industry,NGA,0.00045559373548987583,SRB,2012
1788,IDN,"Growing beverage crops (coffee, tea etc) industry",NGA,9.765450716951789e-05,SRB,2012
1789,IDN,"Growing spices, aromatic, drug and pharmaceutical crops industry",NGA,0.00020319594859383064,SRB,2012
1790,IDN,Seeds and plant propagation industry,NGA,0.0,SRB,2012
1791,IDN,Raising of cattle industry,NGA,0.00014384885899443845,SRB,2012
1792,IDN,Growing wheat industry,NIC,0.0,SRB,2012
1793,IDN,Growing maize industry,NIC,6.468104114802467e-06,SRB,2012
1794,IDN,Growing cereals n.e.c industry,NIC,0.0,SRB,2012
1795,IDN,Growing leguminous crops and oil seeds industry,NIC,0.0002004768993219177,SRB,2012
1796,IDN,Growing rice industry,NIC,5.566026638751258e-09,SRB,2012
1797,IDN,"Growing vegetables, roots, tubers industry",NIC,0.0,SRB,2012
1798,IDN,Growing sugar beet and cane industry,NIC,2.7943895004072373e-06,SRB,2012
1799,IDN,Growing tobacco industry,NIC,2.3281001556961823e-06,SRB,2012
1800,IDN,Growing fibre crops industry,NIC,7.239329160480875e-11,SRB,2012
1801,IDN,Growing crops n.e.c. industry,NIC,1.3434560879747573e-05,SRB,2012
1802,IDN,Growing grapes industry,NIC,0.0,SRB,2012
1803,IDN,Growing fruits and nuts industry,NIC,8.981015031374534e-06,SRB,2012
1804,IDN,"Growing beverage crops (coffee, tea etc) industry",NIC,1.4150792231649547e-06,SRB,2012
1805,IDN,"Growing spices, aromatic, drug and pharmaceutical crops industry",NIC,4.639445301070766e-06,SRB,2012
1806,IDN,Seeds and plant propagation industry,NIC,0.0,SRB,2012
1807,IDN,Raising of cattle industry,NIC,2.6713356253665595e-06,SRB,2012
1808,IDN,Growing wheat industry,NLD,0.0,SRB,2012
1809,IDN,Growing maize industry,NLD,0.0026477485605451547,SRB,2012
1810,IDN,Growing cereals n.e.c industry,NLD,0.0,SRB,2012
1811,IDN,Growing leguminous crops and oil seeds industry,NLD,0.06630793394344808,SRB,2012
1812,IDN,Growing rice industry,NLD,2.247253188655814e-06,SRB,2012
1813,IDN,"Growing vegetables, roots, tubers industry",NLD,0.0,SRB,2012
1814,IDN,Growing sugar beet and cane industry,NLD,0.001423580806622552,SRB,2012
1815,IDN,Growing tobacco industry,NLD,0.002380701025810683,SRB,2012
1816,IDN,Growing fibre crops industry,NLD,4.8278020257026963e-08,SRB,2012
1817,IDN,Growing crops n.e.c. industry,NLD,0.005780398187315119,SRB,2012
1818,IDN,Growing grapes industry,NLD,0.0,SRB,2012
1819,IDN,Growing fruits and nuts industry,NLD,0.004567333052741548,SRB,2012
1820,IDN,"Growing beverage crops (coffee, tea etc) industry",NLD,0.0012454324980318845,SRB,2012
1821,IDN,"Growing spices, aromatic, drug and pharmaceutical crops industry",NLD,0.002182277561951786,SRB,2012
1822,IDN,Seeds and plant propagation industry,NLD,0.0,SRB,2012
1823,IDN,Raising of cattle industry,NLD,0.0016154360616566614,SRB,2012
1824,IDN,Growing wheat industry,NOR,0.0,SRB,2012
1825,IDN,Growing maize industry,NOR,0.0022049228796331205,SRB,2012
1826,IDN,Growing cereals n.e.c industry,NOR,0.0,SRB,2012
1827,IDN,Growing leguminous crops and oil seeds industry,NOR,0.06641525373458824,SRB,2012
1828,IDN,Growing rice industry,NOR,1.9783092875861787e-06,SRB,2012
1829,IDN,"Growing vegetables, roots, tubers industry",NOR,0.0,SRB,2012
1830,IDN,Growing sugar beet and cane industry,NOR,0.00112474944882835,SRB,2012
1831,IDN,Growing tobacco industry,NOR,0.001105931426035144,SRB,2012
1832,IDN,Growing fibre crops industry,NOR,2.969488733065625e-08,SRB,2012
1833,IDN,Growing crops n.e.c. industry,NOR,0.005379636775608667,SRB,2012
1834,IDN,Growing grapes industry,NOR,0.0,SRB,2012
1835,IDN,Growing fruits and nuts industry,NOR,0.0032454731428150055,SRB,2012
1836,IDN,"Growing beverage crops (coffee, tea etc) industry",NOR,0.0007106767429560893,SRB,2012
1837,IDN,"Growing spices, aromatic, drug and pharmaceutical crops industry",NOR,0.0016878999834104061,SRB,2012
1838,IDN,Seeds and plant propagation industry,NOR,0.0,SRB,2012
1839,IDN,Raising of cattle industry,NOR,0.001096779478695334,SRB,2012
1840,IDN,Growing wheat industry,NPL,0.0,SRB,2012
1841,IDN,Growing maize industry,NPL,1.4622690776028024e-05,SRB,2012
1842,IDN,Growing cereals n.e.c industry,NPL,0.0,SRB,2012
1843,IDN,Growing leguminous crops and oil seeds industry,NPL,0.00039761027551289945,SRB,2012
1844,IDN,Growing rice industry,NPL,1.1922908260022575e-08,SRB,2012
1845,IDN,"Growing vegetables, roots, tubers industry",NPL,0.0,SRB,2012
1846,IDN,Growing sugar beet and cane industry,NPL,6.5466993097272585e-06,SRB,2012
1847,IDN,Growing tobacco industry,NPL,7.676366554304834e-06,SRB,2012
1848,IDN,Growing fibre crops industry,NPL,1.9416596620011298e-10,SRB,2012
1849,IDN,Growing crops n.e.c. industry,NPL,2.9784572650594246e-05,SRB,2012
1850,IDN,Growing grapes industry,NPL,0.0,SRB,2012
1851,IDN,Growing fruits and nuts industry,NPL,2.0930377309618812e-05,SRB,2012
1852,IDN,"Growing beverage crops (coffee, tea etc) industry",NPL,3.823279389485655e-06,SRB,2012
1853,IDN,"Growing spices, aromatic, drug and pharmaceutical crops industry",NPL,1.0869091002345295e-05,SRB,2012
1854,IDN,Seeds and plant propagation industry,NPL,0.0,SRB,2012
1855,IDN,Raising of cattle industry,NPL,7.189060720028847e-06,SRB,2012
1856,IDN,Growing wheat industry,NZL,0.0,SRB,2012
1857,IDN,Growing maize industry,NZL,7.836150158700102e-05,SRB,2012
1858,IDN,Growing cereals n.e.c industry,NZL,0.0,SRB,2012
1859,IDN,Growing leguminous crops and oil seeds industry,NZL,0.0019998416055621655,SRB,2012
1860,IDN,Growing rice industry,NZL,5.789493464663237e-08,SRB,2012
1861,IDN,"Growing vegetables, roots, tubers industry",NZL,0.0,SRB,2012
1862,IDN,Growing sugar beet and cane industry,NZL,3.334829052594821e-05,SRB,2012
1863,IDN,Growing tobacco industry,NZL,3.7396480015544686e-05,SRB,2012
1864,IDN,Growing fibre crops industry,NZL,1.0709931211725023e-09,SRB,2012
1865,IDN,Growing crops n.e.c. industry,NZL,0.00017865915289044196,SRB,2012
1866,IDN,Growing grapes industry,NZL,0.0,SRB,2012
1867,IDN,Growing fruits and nuts industry,NZL,9.897542247048091e-05,SRB,2012
1868,IDN,"Growing beverage crops (coffee, tea etc) industry",NZL,2.0794357436682375e-05,SRB,2012
1869,IDN,"Growing spices, aromatic, drug and pharmaceutical crops industry",NZL,4.868833651068082e-05,SRB,2012
1870,IDN,Seeds and plant propagation industry,NZL,0.0,SRB,2012
1871,IDN,Raising of cattle industry,NZL,3.5166826000218556e-05,SRB,2012
1872,IDN,Growing wheat industry,OMN,0.0,SRB,2012
1873,IDN,Growing maize industry,OMN,9.825877560133829e-05,SRB,2012
1874,IDN,Growing cereals n.e.c industry,OMN,0.0,SRB,2012
1875,IDN,Growing leguminous crops and oil seeds industry,OMN,0.0022523236046212754,SRB,2012
1876,IDN,Growing rice industry,OMN,5.948712741982363e-08,SRB,2012
1877,IDN,"Growing vegetables, roots, tubers industry",OMN,0.0,SRB,2012
1878,IDN,Growing sugar beet and cane industry,OMN,3.120214367110407e-05,SRB,2012
1879,IDN,Growing tobacco industry,OMN,2.785746279222792e-05,SRB,2012
1880,IDN,Growing fibre crops industry,OMN,8.053250900312233e-10,SRB,2012
1881,IDN,Growing crops n.e.c. industry,OMN,0.00014285928018057414,SRB,2012
1882,IDN,Growing grapes industry,OMN,0.0,SRB,2012
1883,IDN,Growing fruits and nuts industry,OMN,9.796041986185773e-05,SRB,2012
1884,IDN,"Growing beverage crops (coffee, tea etc) industry",OMN,1.6285847916534302e-05,SRB,2012
1885,IDN,"Growing spices, aromatic, drug and pharmaceutical crops industry",OMN,4.2971644790010954e-05,SRB,2012
1886,IDN,Seeds and plant propagation industry,OMN,0.0,SRB,2012
1887,IDN,Raising of cattle industry,OMN,2.964210665444604e-05,SRB,2012
1888,IDN,Growing wheat industry,PAK,0.0,SRB,2012
1889,IDN,Growing maize industry,PAK,0.00021402321138469705,SRB,2012
1890,IDN,Growing cereals n.e.c industry,PAK,0.0,SRB,2012
1891,IDN,Growing leguminous crops and oil seeds industry,PAK,0.0051982292667148156,SRB,2012
1892,IDN,Growing rice industry,PAK,1.9350982536244078e-07,SRB,2012
1893,IDN,"Growing vegetables, roots, tubers industry",PAK,0.0,SRB,2012
1894,IDN,Growing sugar beet and cane industry,PAK,7.306521284439019e-05,SRB,2012
1895,IDN,Growing tobacco industry,PAK,6.755482275505152e-05,SRB,2012
1896,IDN,Growing fibre crops industry,PAK,1.9423001940604663e-09,SRB,2012
1897,IDN,Growing crops n.e.c. industry,PAK,0.0003287348647508666,SRB,2012
1898,IDN,Growing grapes industry,PAK,0.0,SRB,2012
1899,IDN,Growing fruits and nuts industry,PAK,0.00023902289351057472,SRB,2012
1900,IDN,"Growing beverage crops (coffee, tea etc) industry",PAK,4.191119722999854e-05,SRB,2012
1901,IDN,"Growing spices, aromatic, drug and pharmaceutical crops industry",PAK,0.0001377813373658332,SRB,2012
1902,IDN,Seeds and plant propagation industry,PAK,0.0,SRB,2012
1903,IDN,Raising of cattle industry,PAK,7.944633703140246e-05,SRB,2012
1904,IDN,Growing wheat industry,PSE,0.0,SRB,2012
1905,IDN,Growing maize industry,PSE,1.4817460101037768e-05,SRB,2012
1906,IDN,Growing cereals n.e.c industry,PSE,0.0,SRB,2012
1907,IDN,Growing leguminous crops and oil seeds industry,PSE,0.0003878126765430298,SRB,2012
1908,IDN,Growing rice industry,PSE,1.4192158666840341e-08,SRB,2012
1909,IDN,"Growing vegetables, roots, tubers industry",PSE,0.0,SRB,2012
1910,IDN,Growing sugar beet and cane industry,PSE,7.0861700012466746e-06,SRB,2012
1911,IDN,Growing tobacco industry,PSE,5.9278252093636995e-06,SRB,2012
1912,IDN,Growing fibre crops industry,PSE,1.848555273309494e-10,SRB,2012
1913,IDN,Growing crops n.e.c. industry,PSE,3.103689547513041e-05,SRB,2012
1914,IDN,Growing grapes industry,PSE,0.0,SRB,2012
1915,IDN,Growing fruits and nuts industry,PSE,2.3694802658934585e-05,SRB,2012
1916,IDN,"Growing beverage crops (coffee, tea etc) industry",PSE,3.4874083881101763e-06,SRB,2012
1917,IDN,"Growing spices, aromatic, drug and pharmaceutical crops industry",PSE,1.9112835027368556e-05,SRB,2012
1918,IDN,Seeds and plant propagation industry,PSE,0.0,SRB,2012
1919,IDN,Raising of cattle industry,PSE,7.873823678187453e-06,SRB,2012
1920,IDN,Growing wheat industry,PAN,0.0,SRB,2012
1921,IDN,Growing maize industry,PAN,4.9084194719819593e-05,SRB,2012
1922,IDN,Growing cereals n.e.c industry,PAN,0.0,SRB,2012
1923,IDN,Growing leguminous crops and oil seeds industry,PAN,0.0013309416254476856,SRB,2012
1924,IDN,Growing rice industry,PAN,3.765927783256277e-08,SRB,2012
1925,IDN,"Growing vegetables, roots, tubers industry",PAN,0.0,SRB,2012
1926,IDN,Growing sugar beet and cane industry,PAN,2.1383742664919723e-05,SRB,2012
1927,IDN,Growing tobacco industry,PAN,2.4123911427108918e-05,SRB,2012
1928,IDN,Growing fibre crops industry,PAN,5.789261333456553e-10,SRB,2012
1929,IDN,Growing crops n.e.c. industry,PAN,9.454560599739605e-05,SRB,2012
1930,IDN,Growing grapes industry,PAN,0.0,SRB,2012
1931,IDN,Growing fruits and nuts industry,PAN,6.66016074563475e-05,SRB,2012
1932,IDN,"Growing beverage crops (coffee, tea etc) industry",PAN,1.2934302208309008e-05,SRB,2012
1933,IDN,"Growing spices, aromatic, drug and pharmaceutical crops industry",PAN,2.8967987380352114e-05,SRB,2012
1934,IDN,Seeds and plant propagation industry,PAN,0.0,SRB,2012
1935,IDN,Raising of cattle industry,PAN,2.0858667488904114e-05,SRB,2012
1936,IDN,Growing wheat industry,PER,0.0,SRB,2012
1937,IDN,Growing maize industry,PER,0.0005128382967788791,SRB,2012
1938,IDN,Growing cereals n.e.c industry,PER,0.0,SRB,2012
1939,IDN,Growing leguminous crops and oil seeds industry,PER,0.01615436354415197,SRB,2012
1940,IDN,Growing rice industry,PER,4.6724129408747884e-07,SRB,2012
1941,IDN,"Growing vegetables, roots, tubers industry",PER,0.0,SRB,2012
1942,IDN,Growing sugar beet and cane industry,PER,0.00024824193891344304,SRB,2012
1943,IDN,Growing tobacco industry,PER,0.00017258008798036925,SRB,2012
1944,IDN,Growing fibre crops industry,PER,5.544982880620223e-09,SRB,2012
1945,IDN,Growing crops n.e.c. industry,PER,0.0011036118427488518,SRB,2012
1946,IDN,Growing grapes industry,PER,0.0,SRB,2012
1947,IDN,Growing fruits and nuts industry,PER,0.0007429892648818303,SRB,2012
1948,IDN,"Growing beverage crops (coffee, tea etc) industry",PER,0.00011494855350648225,SRB,2012
1949,IDN,"Growing spices, aromatic, drug and pharmaceutical crops industry",PER,0.00035192238290876915,SRB,2012
1950,IDN,Seeds and plant propagation industry,PER,0.0,SRB,2012
1951,IDN,Raising of cattle industry,PER,0.00020969157025422039,SRB,2012
1952,IDN,Growing wheat industry,PHL,0.0,SRB,2012
1953,IDN,Growing maize industry,PHL,0.0007342197875729023,SRB,2012
1954,IDN,Growing cereals n.e.c industry,PHL,0.0,SRB,2012
1955,IDN,Growing leguminous crops and oil seeds industry,PHL,0.017595965910616358,SRB,2012
1956,IDN,Growing rice industry,PHL,5.279532007469755e-07,SRB,2012
1957,IDN,"Growing vegetables, roots, tubers industry",PHL,0.0,SRB,2012
1958,IDN,Growing sugar beet and cane industry,PHL,0.0003218254534262784,SRB,2012
1959,IDN,Growing tobacco industry,PHL,0.0004225419127793491,SRB,2012
1960,IDN,Growing fibre crops industry,PHL,9.884801452820642e-09,SRB,2012
1961,IDN,Growing crops n.e.c. industry,PHL,0.003447632054911652,SRB,2012
1962,IDN,Growing grapes industry,PHL,0.0,SRB,2012
1963,IDN,Growing fruits and nuts industry,PHL,0.0007556859805146583,SRB,2012
1964,IDN,"Growing beverage crops (coffee, tea etc) industry",PHL,0.00023268067218255235,SRB,2012
1965,IDN,"Growing spices, aromatic, drug and pharmaceutical crops industry",PHL,0.00042507596010232595,SRB,2012
1966,IDN,Seeds and plant propagation industry,PHL,0.0,SRB,2012
1967,IDN,Raising of cattle industry,PHL,0.0003862855349613814,SRB,2012
1968,IDN,Growing wheat industry,PNG,0.0,SRB,2012
1969,IDN,Growing maize industry,PNG,1.5022032758914338e-05,SRB,2012
1970,IDN,Growing cereals n.e.c industry,PNG,0.0,SRB,2012
1971,IDN,Growing leguminous crops and oil seeds industry,PNG,0.00043456823821013795,SRB,2012
1972,IDN,Growing rice industry,PNG,1.2881790676469741e-08,SRB,2012
1973,IDN,"Growing vegetables, roots, tubers industry",PNG,0.0,SRB,2012
1974,IDN,Growing sugar beet and cane industry,PNG,6.963515275975185e-06,SRB,2012
1975,IDN,Growing tobacco industry,PNG,6.099483075618541e-06,SRB,2012
1976,IDN,Growing fibre crops industry,PNG,1.7967308402887337e-10,SRB,2012
1977,IDN,Growing crops n.e.c. industry,PNG,3.429852978929163e-05,SRB,2012
1978,IDN,Growing grapes industry,PNG,0.0,SRB,2012
1979,IDN,Growing fruits and nuts industry,PNG,2.0460719407943824e-05,SRB,2012
1980,IDN,"Growing beverage crops (coffee, tea etc) industry",PNG,3.6766043549897237e-06,SRB,2012
1981,IDN,"Growing spices, aromatic, drug and pharmaceutical crops industry",PNG,1.071408555865656e-05,SRB,2012
1982,IDN,Seeds and plant propagation industry,PNG,0.0,SRB,2012
1983,IDN,Raising of cattle industry,PNG,6.844938189446071e-06,SRB,2012
1984,IDN,Growing wheat industry,POL,0.0,SRB,2012
1985,IDN,Growing maize industry,POL,0.001088156215134125,SRB,2012
1986,IDN,Growing cereals n.e.c industry,POL,0.0,SRB,2012
1987,IDN,Growing leguminous crops and oil seeds industry,POL,0.02785004942545775,SRB,2012
1988,IDN,Growing rice industry,POL,9.681509172719544e-07,SRB,2012
1989,IDN,"Growing vegetables, roots, tubers industry",POL,0.0,SRB,2012
1990,IDN,Growing sugar beet and cane industry,POL,0.000553063222707637,SRB,2012
1991,IDN,Growing tobacco industry,POL,0.0007687719708629684,SRB,2012
1992,IDN,Growing fibre crops industry,POL,2.1282518331399633e-08,SRB,2012
1993,IDN,Growing crops n.e.c. industry,POL,0.0030207100196233422,SRB,2012
1994,IDN,Growing grapes industry,POL,0.0,SRB,2012
1995,IDN,Growing fruits and nuts industry,POL,0.001657767639433733,SRB,2012
1996,IDN,"Growing beverage crops (coffee, tea etc) industry",POL,0.00040923322667434976,SRB,2012
1997,IDN,"Growing spices, aromatic, drug and pharmaceutical crops industry",POL,0.000994973286044074,SRB,2012
1998,IDN,Seeds and plant propagation industry,POL,0.0,SRB,2012
1999,IDN,Raising of cattle industry,POL,0.0006667239499439063,SRB,2012
2000,IDN,Growing wheat industry,PRK,0.0,SRB,2012
2001,IDN,Growing maize industry,PRK,2.9807687936915915e-06,SRB,2012
2002,IDN,Growing cereals n.e.c industry,PRK,0.0,SRB,2012
2003,IDN,Growing leguminous crops and oil seeds industry,PRK,9.681920652699346e-05,SRB,2012
2004,IDN,Growing rice industry,PRK,2.889228033891219e-09,SRB,2012
2005,IDN,"Growing vegetables, roots, tubers industry",PRK,0.0,SRB,2012
2006,IDN,Growing sugar beet and cane industry,PRK,1.237514737155893e-06,SRB,2012
2007,IDN,Growing tobacco industry,PRK,9.968710104720917e-07,SRB,2012
2008,IDN,Growing fibre crops industry,PRK,3.082700191938945e-11,SRB,2012
2009,IDN,Growing crops n.e.c. industry,PRK,5.879161770184354e-06,SRB,2012
2010,IDN,Growing grapes industry,PRK,0.0,SRB,2012
2011,IDN,Growing fruits and nuts industry,PRK,4.143116168946957e-06,SRB,2012
2012,IDN,"Growing beverage crops (coffee, tea etc) industry",PRK,6.151475099396144e-07,SRB,2012
2013,IDN,"Growing spices, aromatic, drug and pharmaceutical crops industry",PRK,1.884654234392945e-06,SRB,2012
2014,IDN,Seeds and plant propagation industry,PRK,0.0,SRB,2012
2015,IDN,Raising of cattle industry,PRK,1.20210014518031e-06,SRB,2012
2016,IDN,Growing wheat industry,PRT,0.0,SRB,2012
2017,IDN,Growing maize industry,PRT,0.0001510953935624174,SRB,2012
2018,IDN,Growing cereals n.e.c industry,PRT,0.0,SRB,2012
2019,IDN,Growing leguminous crops and oil seeds industry,PRT,0.003963945897818187,SRB,2012
2020,IDN,Growing rice industry,PRT,1.3207556404827824e-07,SRB,2012
2021,IDN,"Growing vegetables, roots, tubers industry",PRT,0.0,SRB,2012
2022,IDN,Growing sugar beet and cane industry,PRT,7.186617862997235e-05,SRB,2012
2023,IDN,Growing tobacco industry,PRT,8.58804455773582e-05,SRB,2012
2024,IDN,Growing fibre crops industry,PRT,2.2833256967132674e-09,SRB,2012
2025,IDN,Growing crops n.e.c. industry,PRT,0.00038694371805182617,SRB,2012
2026,IDN,Growing grapes industry,PRT,0.0,SRB,2012
2027,IDN,Growing fruits and nuts industry,PRT,0.00021049351047637365,SRB,2012
2028,IDN,"Growing beverage crops (coffee, tea etc) industry",PRT,4.8627792358492594e-05,SRB,2012
2029,IDN,"Growing spices, aromatic, drug and pharmaceutical crops industry",PRT,0.00011020260300449677,SRB,2012
2030,IDN,Seeds and plant propagation industry,PRT,0.0,SRB,2012
2031,IDN,Raising of cattle industry,PRT,8.06926495753061e-05,SRB,2012
2032,IDN,Growing wheat industry,PRY,0.0,SRB,2012
2033,IDN,Growing maize industry,PRY,1.3471219081619533e-05,SRB,2012
2034,IDN,Growing cereals n.e.c industry,PRY,0.0,SRB,2012
2035,IDN,Growing leguminous crops and oil seeds industry,PRY,0.00036617469633280444,SRB,2012
2036,IDN,Growing rice industry,PRY,1.0529932561735315e-08,SRB,2012
2037,IDN,"Growing vegetables, roots, tubers industry",PRY,0.0,SRB,2012
2038,IDN,Growing sugar beet and cane industry,PRY,5.975005752202352e-06,SRB,2012
2039,IDN,Growing tobacco industry,PRY,6.4509013210497255e-06,SRB,2012
2040,IDN,Growing fibre crops industry,PRY,1.7284970122758595e-10,SRB,2012
2041,IDN,Growing crops n.e.c. industry,PRY,2.8991791921258344e-05,SRB,2012
2042,IDN,Growing grapes industry,PRY,0.0,SRB,2012
2043,IDN,Growing fruits and nuts industry,PRY,1.8398406987960347e-05,SRB,2012
2044,IDN,"Growing beverage crops (coffee, tea etc) industry",PRY,3.483897902221507e-06,SRB,2012
2045,IDN,"Growing spices, aromatic, drug and pharmaceutical crops industry",PRY,8.662986952865384e-06,SRB,2012
2046,IDN,Seeds and plant propagation industry,PRY,0.0,SRB,2012
2047,IDN,Raising of cattle industry,PRY,6.20022318929728e-06,SRB,2012
2048,IDN,Growing wheat industry,QAT,0.0,SRB,2012
2049,IDN,Growing maize industry,QAT,0.00010503876929531395,SRB,2012
2050,IDN,Growing cereals n.e.c industry,QAT,0.0,SRB,2012
2051,IDN,Growing leguminous crops and oil seeds industry,QAT,0.002501865861983865,SRB,2012
2052,IDN,Growing rice industry,QAT,7.899976366482592e-08,SRB,2012
2053,IDN,"Growing vegetables, roots, tubers industry",QAT,0.0,SRB,2012
2054,IDN,Growing sugar beet and cane industry,QAT,3.937328719924876e-05,SRB,2012
2055,IDN,Growing tobacco industry,QAT,3.9342380706470096e-05,SRB,2012
2056,IDN,Growing fibre crops industry,QAT,1.1981008608885207e-09,SRB,2012
2057,IDN,Growing crops n.e.c. industry,QAT,0.00019280691684990897,SRB,2012
2058,IDN,Growing grapes industry,QAT,0.0,SRB,2012
2059,IDN,Growing fruits and nuts industry,QAT,0.00013573570402108777,SRB,2012
2060,IDN,"Growing beverage crops (coffee, tea etc) industry",QAT,2.329005619575218e-05,SRB,2012
2061,IDN,"Growing spices, aromatic, drug and pharmaceutical crops industry",QAT,5.627663935631606e-05,SRB,2012
2062,IDN,Seeds and plant propagation industry,QAT,0.0,SRB,2012
2063,IDN,Raising of cattle industry,QAT,4.1262324462142225e-05,SRB,2012
2064,IDN,Growing wheat industry,ROU,0.0,SRB,2012
2065,IDN,Growing maize industry,ROU,0.0010985789239451632,SRB,2012
2066,IDN,Growing cereals n.e.c industry,ROU,0.0,SRB,2012
2067,IDN,Growing leguminous crops and oil seeds industry,ROU,0.030356859989086195,SRB,2012
2068,IDN,Growing rice industry,ROU,8.475261713787237e-07,SRB,2012
2069,IDN,"Growing vegetables, roots, tubers industry",ROU,0.0,SRB,2012
2070,IDN,Growing sugar beet and cane industry,ROU,0.0004475985160117817,SRB,2012
2071,IDN,Growing tobacco industry,ROU,0.0005209861869340407,SRB,2012
2072,IDN,Growing fibre crops industry,ROU,1.5419780701547125e-08,SRB,2012
2073,IDN,Growing crops n.e.c. industry,ROU,0.002432802805079179,SRB,2012
2074,IDN,Growing grapes industry,ROU,0.0,SRB,2012
2075,IDN,Growing fruits and nuts industry,ROU,0.00143665576244095,SRB,2012
2076,IDN,"Growing beverage crops (coffee, tea etc) industry",ROU,0.00032628398945383833,SRB,2012
2077,IDN,"Growing spices, aromatic, drug and pharmaceutical crops industry",ROU,0.0008338702522540019,SRB,2012
2078,IDN,Seeds and plant propagation industry,ROU,0.0,SRB,2012
2079,IDN,Raising of cattle industry,ROU,0.0005468462281084322,SRB,2012
2080,IDN,Growing wheat industry,RUS,0.0,SRB,2012
2081,IDN,Growing maize industry,RUS,0.010113018063871694,SRB,2012
2082,IDN,Growing cereals n.e.c industry,RUS,0.0,SRB,2012
2083,IDN,Growing leguminous crops and oil seeds industry,RUS,0.3285614593692504,SRB,2012
2084,IDN,Growing rice industry,RUS,9.170960364221248e-06,SRB,2012
2085,IDN,"Growing vegetables, roots, tubers industry",RUS,0.0,SRB,2012
2086,IDN,Growing sugar beet and cane industry,RUS,0.004839788096251038,SRB,2012
2087,IDN,Growing tobacco industry,RUS,0.0035605804017474186,SRB,2012
2088,IDN,Growing fibre crops industry,RUS,1.4367806312702407e-07,SRB,2012
2089,IDN,Growing crops n.e.c. industry,RUS,0.02105007487042857,SRB,2012
2090,IDN,Growing grapes industry,RUS,0.0,SRB,2012
2091,IDN,Growing fruits and nuts industry,RUS,0.014219255924848158,SRB,2012
2092,IDN,"Growing beverage crops (coffee, tea etc) industry",RUS,0.0023318599785641385,SRB,2012
2093,IDN,"Growing spices, aromatic, drug and pharmaceutical crops industry",RUS,0.006942214895019879,SRB,2012
2094,IDN,Seeds and plant propagation industry,RUS,0.0,SRB,2012
2095,IDN,Raising of cattle industry,RUS,0.0043115194672297364,SRB,2012
2096,IDN,Growing wheat industry,RWA,0.0,SRB,2012
2097,IDN,Growing maize industry,RWA,5.209218325670186e-06,SRB,2012
2098,IDN,Growing cereals n.e.c industry,RWA,0.0,SRB,2012
2099,IDN,Growing leguminous crops and oil seeds industry,RWA,0.0001464284288433607,SRB,2012
2100,IDN,Growing rice industry,RWA,4.0805505115767096e-09,SRB,2012
2101,IDN,"Growing vegetables, roots, tubers industry",RWA,0.0,SRB,2012
2102,IDN,Growing sugar beet and cane industry,RWA,2.1700619212756474e-06,SRB,2012
2103,IDN,Growing tobacco industry,RWA,2.252594507601297e-06,SRB,2012
2104,IDN,Growing fibre crops industry,RWA,6.269722264117163e-11,SRB,2012
2105,IDN,Growing crops n.e.c. industry,RWA,1.2112019007787918e-05,SRB,2012
2106,IDN,Growing grapes industry,RWA,0.0,SRB,2012
2107,IDN,Growing fruits and nuts industry,RWA,6.971651155466843e-06,SRB,2012
2108,IDN,"Growing beverage crops (coffee, tea etc) industry",RWA,1.2821883396545876e-06,SRB,2012
2109,IDN,"Growing spices, aromatic, drug and pharmaceutical crops industry",RWA,3.436373390268224e-06,SRB,2012
2110,IDN,Seeds and plant propagation industry,RWA,0.0,SRB,2012
2111,IDN,Raising of cattle industry,RWA,2.394478762402069e-06,SRB,2012
2112,IDN,Growing wheat industry,SAU,0.0,SRB,2012
2113,IDN,Growing maize industry,SAU,0.005664434483103732,SRB,2012
2114,IDN,Growing cereals n.e.c industry,SAU,0.0,SRB,2012
2115,IDN,Growing leguminous crops and oil seeds industry,SAU,0.15495813371352818,SRB,2012
2116,IDN,Growing rice industry,SAU,4.785656096725684e-06,SRB,2012
2117,IDN,"Growing vegetables, roots, tubers industry",SAU,0.0,SRB,2012
2118,IDN,Growing sugar beet and cane industry,SAU,0.0029415452118095532,SRB,2012
2119,IDN,Growing tobacco industry,SAU,0.0020564300405122326,SRB,2012
2120,IDN,Growing fibre crops industry,SAU,6.398280244573617e-08,SRB,2012
2121,IDN,Growing crops n.e.c. industry,SAU,0.012816586002321018,SRB,2012
2122,IDN,Growing grapes industry,SAU,0.0,SRB,2012
2123,IDN,Growing fruits and nuts industry,SAU,0.007419724614105054,SRB,2012
2124,IDN,"Growing beverage crops (coffee, tea etc) industry",SAU,0.001414069710804197,SRB,2012
2125,IDN,"Growing spices, aromatic, drug and pharmaceutical crops industry",SAU,0.0038347810939987226,SRB,2012
2126,IDN,Seeds and plant propagation industry,SAU,0.0,SRB,2012
2127,IDN,Raising of cattle industry,SAU,0.0023952235361001666,SRB,2012
2128,IDN,Growing wheat industry,SDS,0.0,SRB,2012
2129,IDN,Growing maize industry,SDS,2.3075541070711125e-05,SRB,2012
2130,IDN,Growing cereals n.e.c industry,SDS,0.0,SRB,2012
2131,IDN,Growing leguminous crops and oil seeds industry,SDS,0.0008201455761830796,SRB,2012
2132,IDN,Growing rice industry,SDS,2.177180189886645e-08,SRB,2012
2133,IDN,"Growing vegetables, roots, tubers industry",SDS,0.0,SRB,2012
2134,IDN,Growing sugar beet and cane industry,SDS,1.0158281044008326e-05,SRB,2012
2135,IDN,Growing tobacco industry,SDS,7.0307154952177276e-06,SRB,2012
2136,IDN,Growing fibre crops industry,SDS,2.3302183371406925e-10,SRB,2012
2137,IDN,Growing crops n.e.c. industry,SDS,4.631923584614258e-05,SRB,2012
2138,IDN,Growing grapes industry,SDS,0.0,SRB,2012
2139,IDN,Growing fruits and nuts industry,SDS,3.3273483483525234e-05,SRB,2012
2140,IDN,"Growing beverage crops (coffee, tea etc) industry",SDS,4.448457028418563e-06,SRB,2012
2141,IDN,"Growing spices, aromatic, drug and pharmaceutical crops industry",SDS,1.4841034532645006e-05,SRB,2012
2142,IDN,Seeds and plant propagation industry,SDS,0.0,SRB,2012
2143,IDN,Raising of cattle industry,SDS,8.955644409722422e-06,SRB,2012
2144,IDN,Growing wheat industry,SEN,0.0,SRB,2012
2145,IDN,Growing maize industry,SEN,2.382169894988813e-05,SRB,2012
2146,IDN,Growing cereals n.e.c industry,SEN,0.0,SRB,2012
2147,IDN,Growing leguminous crops and oil seeds industry,SEN,0.0006064028060951363,SRB,2012
2148,IDN,Growing rice industry,SEN,2.418189578805456e-08,SRB,2012
2149,IDN,"Growing vegetables, roots, tubers industry",SEN,0.0,SRB,2012
2150,IDN,Growing sugar beet and cane industry,SEN,8.278869302893003e-06,SRB,2012
2151,IDN,Growing tobacco industry,SEN,8.027022715724375e-06,SRB,2012
2152,IDN,Growing fibre crops industry,SEN,2.4396156766485514e-10,SRB,2012
2153,IDN,Growing crops n.e.c. industry,SEN,3.944045113839046e-05,SRB,2012
2154,IDN,Growing grapes industry,SEN,0.0,SRB,2012
2155,IDN,Growing fruits and nuts industry,SEN,2.9027209834595888e-05,SRB,2012
2156,IDN,"Growing beverage crops (coffee, tea etc) industry",SEN,4.8644886777865845e-06,SRB,2012
2157,IDN,"Growing spices, aromatic, drug and pharmaceutical crops industry",SEN,1.5470996154824803e-05,SRB,2012
2158,IDN,Seeds and plant propagation industry,SEN,0.0,SRB,2012
2159,IDN,Raising of cattle industry,SEN,8.632666417057754e-06,SRB,2012
2160,IDN,Growing wheat industry,SGP,0.0,SRB,2012
2161,IDN,Growing maize industry,SGP,0.0005725034336389859,SRB,2012
2162,IDN,Growing cereals n.e.c industry,SGP,0.0,SRB,2012
2163,IDN,Growing leguminous crops and oil seeds industry,SGP,0.015741957596477056,SRB,2012
2164,IDN,Growing rice industry,SGP,4.64760269411256e-07,SRB,2012
2165,IDN,"Growing vegetables, roots, tubers industry",SGP,0.0,SRB,2012
2166,IDN,Growing sugar beet and cane industry,SGP,0.00027704168318058785,SRB,2012
2167,IDN,Growing tobacco industry,SGP,0.00029923256998894523,SRB,2012
2168,IDN,Growing fibre crops industry,SGP,7.4278032500360615e-09,SRB,2012
2169,IDN,Growing crops n.e.c. industry,SGP,0.0012444594986447625,SRB,2012
2170,IDN,Growing grapes industry,SGP,0.0,SRB,2012
2171,IDN,Growing fruits and nuts industry,SGP,0.0008453494001831547,SRB,2012
2172,IDN,"Growing beverage crops (coffee, tea etc) industry",SGP,0.0001616446178343688,SRB,2012
2173,IDN,"Growing spices, aromatic, drug and pharmaceutical crops industry",SGP,0.0003647226106784265,SRB,2012
2174,IDN,Seeds and plant propagation industry,SGP,0.0,SRB,2012
2175,IDN,Raising of cattle industry,SGP,0.0002747690725195771,SRB,2012
2176,IDN,Growing wheat industry,SLE,0.0,SRB,2012
2177,IDN,Growing maize industry,SLE,1.0580706781761921e-05,SRB,2012
2178,IDN,Growing cereals n.e.c industry,SLE,0.0,SRB,2012
2179,IDN,Growing leguminous crops and oil seeds industry,SLE,0.0003357758529144157,SRB,2012
2180,IDN,Growing rice industry,SLE,9.544498501823852e-09,SRB,2012
2181,IDN,"Growing vegetables, roots, tubers industry",SLE,0.0,SRB,2012
2182,IDN,Growing sugar beet and cane industry,SLE,4.845158024854982e-06,SRB,2012
2183,IDN,Growing tobacco industry,SLE,3.859527783524204e-06,SRB,2012
2184,IDN,Growing fibre crops industry,SLE,1.1420507750315394e-10,SRB,2012
2185,IDN,Growing crops n.e.c. industry,SLE,2.1363099304465623e-05,SRB,2012
2186,IDN,Growing grapes industry,SLE,0.0,SRB,2012
2187,IDN,Growing fruits and nuts industry,SLE,1.4704922140010259e-05,SRB,2012
2188,IDN,"Growing beverage crops (coffee, tea etc) industry",SLE,2.367889226988346e-06,SRB,2012
2189,IDN,"Growing spices, aromatic, drug and pharmaceutical crops industry",SLE,7.011356903663761e-06,SRB,2012
2190,IDN,Seeds and plant propagation industry,SLE,0.0,SRB,2012
2191,IDN,Raising of cattle industry,SLE,4.367087625317074e-06,SRB,2012
2192,IDN,Growing wheat industry,SLV,0.0,SRB,2012
2193,IDN,Growing maize industry,SLV,7.841913159312795e-06,SRB,2012
2194,IDN,Growing cereals n.e.c industry,SLV,0.0,SRB,2012
2195,IDN,Growing leguminous crops and oil seeds industry,SLV,0.00023084712841757674,SRB,2012
2196,IDN,Growing rice industry,SLV,8.227935925450273e-09,SRB,2012
2197,IDN,"Growing vegetables, roots, tubers industry",SLV,0.0,SRB,2012
2198,IDN,Growing sugar beet and cane industry,SLV,3.52846685364637e-06,SRB,2012
2199,IDN,Growing tobacco industry,SLV,3.4837700968745348e-06,SRB,2012
2200,IDN,Growing fibre crops industry,SLV,1.0645512883020253e-10,SRB,2012
2201,IDN,Growing crops n.e.c. industry,SLV,1.6219200790569676e-05,SRB,2012
2202,IDN,Growing grapes industry,SLV,0.0,SRB,2012
2203,IDN,Growing fruits and nuts industry,SLV,1.2671658698062636e-05,SRB,2012
2204,IDN,"Growing beverage crops (coffee, tea etc) industry",SLV,2.379788137444771e-06,SRB,2012
2205,IDN,"Growing spices, aromatic, drug and pharmaceutical crops industry",SLV,7.742583914782049e-06,SRB,2012
2206,IDN,Seeds and plant propagation industry,SLV,0.0,SRB,2012
2207,IDN,Raising of cattle industry,SLV,3.828219228003428e-06,SRB,2012
2208,IDN,Growing wheat industry,SOM,0.0,SRB,2012
2209,IDN,Growing maize industry,SOM,5.110942029109708e-06,SRB,2012
2210,IDN,Growing cereals n.e.c industry,SOM,0.0,SRB,2012
2211,IDN,Growing leguminous crops and oil seeds industry,SOM,0.00013986594429543165,SRB,2012
2212,IDN,Growing rice industry,SOM,4.129692286797216e-09,SRB,2012
2213,IDN,"Growing vegetables, roots, tubers industry",SOM,0.0,SRB,2012
2214,IDN,Growing sugar beet and cane industry,SOM,1.8650194941563317e-06,SRB,2012
2215,IDN,Growing tobacco industry,SOM,1.635835085106074e-06,SRB,2012
2216,IDN,Growing fibre crops industry,SOM,4.8017084821953144e-11,SRB,2012
2217,IDN,Growing crops n.e.c. industry,SOM,8.745908994720525e-06,SRB,2012
2218,IDN,Growing grapes industry,SOM,0.0,SRB,2012
2219,IDN,Growing fruits and nuts industry,SOM,6.882790962183104e-06,SRB,2012
2220,IDN,"Growing beverage crops (coffee, tea etc) industry",SOM,9.697526938870663e-07,SRB,2012
2221,IDN,"Growing spices, aromatic, drug and pharmaceutical crops industry",SOM,3.820241446414775e-06,SRB,2012
2222,IDN,Seeds and plant propagation industry,SOM,0.0,SRB,2012
2223,IDN,Raising of cattle industry,SOM,1.8307986051631684e-06,SRB,2012
2224,IDN,Growing wheat industry,SRB,0.0,SRB,2012
2225,IDN,Growing maize industry,SRB,0.0,SRB,2012
2226,IDN,Growing cereals n.e.c industry,SRB,0.0,SRB,2012
2227,IDN,Growing leguminous crops and oil seeds industry,SRB,0.0,SRB,2012
2228,IDN,Growing rice industry,SRB,0.0,SRB,2012
2229,IDN,"Growing vegetables, roots, tubers industry",SRB,0.0,SRB,2012
2230,IDN,Growing sugar beet and cane industry,SRB,0.0,SRB,2012
2231,IDN,Growing tobacco industry,SRB,0.0,SRB,2012
2232,IDN,Growing fibre crops industry,SRB,0.0,SRB,2012
2233,IDN,Growing crops n.e.c. industry,SRB,0.0,SRB,2012
2234,IDN,Growing grapes industry,SRB,0.0,SRB,2012
2235,IDN,Growing fruits and nuts industry,SRB,0.0,SRB,2012
2236,IDN,"Growing beverage crops (coffee, tea etc) industry",SRB,0.0,SRB,2012
2237,IDN,"Growing spices, aromatic, drug and pharmaceutical crops industry",SRB,0.0,SRB,2012
2238,IDN,Seeds and plant propagation industry,SRB,0.0,SRB,2012
2239,IDN,Raising of cattle industry,SRB,0.0,SRB,2012
2240,IDN,Growing wheat industry,SDN,0.0,SRB,2012
2241,IDN,Growing maize industry,SDN,3.0676916128825114e-05,SRB,2012
2242,IDN,Growing cereals n.e.c industry,SDN,0.0,SRB,2012
2243,IDN,Growing leguminous crops and oil seeds industry,SDN,0.0008110528162548956,SRB,2012
2244,IDN,Growing rice industry,SDN,2.8917813784287802e-08,SRB,2012
2245,IDN,"Growing vegetables, roots, tubers industry",SDN,0.0,SRB,2012
2246,IDN,Growing sugar beet and cane industry,SDN,1.3516973822987182e-05,SRB,2012
2247,IDN,Growing tobacco industry,SDN,1.7196256443905058e-05,SRB,2012
2248,IDN,Growing fibre crops industry,SDN,4.115527196465953e-10,SRB,2012
2249,IDN,Growing crops n.e.c. industry,SDN,6.09424457737261e-05,SRB,2012
2250,IDN,Growing grapes industry,SDN,0.0,SRB,2012
2251,IDN,Growing fruits and nuts industry,SDN,5.098490219044095e-05,SRB,2012
2252,IDN,"Growing beverage crops (coffee, tea etc) industry",SDN,8.53168137953609e-06,SRB,2012
2253,IDN,"Growing spices, aromatic, drug and pharmaceutical crops industry",SDN,3.2606180747233274e-05,SRB,2012
2254,IDN,Seeds and plant propagation industry,SDN,0.0,SRB,2012
2255,IDN,Raising of cattle industry,SDN,1.498140808078253e-05,SRB,2012
2256,IDN,Growing wheat industry,SVK,0.0,SRB,2012
2257,IDN,Growing maize industry,SVK,0.001990552397493957,SRB,2012
2258,IDN,Growing cereals n.e.c industry,SVK,0.0,SRB,2012
2259,IDN,Growing leguminous crops and oil seeds industry,SVK,0.06345671608936124,SRB,2012
2260,IDN,Growing rice industry,SVK,3.913706131587286e-06,SRB,2012
2261,IDN,"Growing vegetables, roots, tubers industry",SVK,0.0,SRB,2012
2262,IDN,Growing sugar beet and cane industry,SVK,0.0009823796718271595,SRB,2012
2263,IDN,Growing tobacco industry,SVK,0.0011749937829736024,SRB,2012
2264,IDN,Growing fibre crops industry,SVK,3.8150321552211206e-08,SRB,2012
2265,IDN,Growing crops n.e.c. industry,SVK,0.00410403217965333,SRB,2012
2266,IDN,Growing grapes industry,SVK,0.0,SRB,2012
2267,IDN,Growing fruits and nuts industry,SVK,0.004029465614667863,SRB,2012
2268,IDN,"Growing beverage crops (coffee, tea etc) industry",SVK,0.0006254645224112493,SRB,2012
2269,IDN,"Growing spices, aromatic, drug and pharmaceutical crops industry",SVK,0.0022660059953706103,SRB,2012
2270,IDN,Seeds and plant propagation industry,SVK,0.0,SRB,2012
2271,IDN,Raising of cattle industry,SVK,0.0010474035160902412,SRB,2012
2272,IDN,Growing wheat industry,SVN,0.0,SRB,2012
2273,IDN,Growing maize industry,SVN,0.0016273654757792506,SRB,2012
2274,IDN,Growing cereals n.e.c industry,SVN,0.0,SRB,2012
2275,IDN,Growing leguminous crops and oil seeds industry,SVN,0.04252776817858583,SRB,2012
2276,IDN,Growing rice industry,SVN,2.4328460414626505e-06,SRB,2012
2277,IDN,"Growing vegetables, roots, tubers industry",SVN,0.0,SRB,2012
2278,IDN,Growing sugar beet and cane industry,SVN,0.0008162058152993215,SRB,2012
2279,IDN,Growing tobacco industry,SVN,0.0011186268351831548,SRB,2012
2280,IDN,Growing fibre crops industry,SVN,3.3145900429379827e-08,SRB,2012
2281,IDN,Growing crops n.e.c. industry,SVN,0.003540563085790604,SRB,2012
2282,IDN,Growing grapes industry,SVN,0.0,SRB,2012
2283,IDN,Growing fruits and nuts industry,SVN,0.0025485723055490178,SRB,2012
2284,IDN,"Growing beverage crops (coffee, tea etc) industry",SVN,0.0005765139815659745,SRB,2012
2285,IDN,"Growing spices, aromatic, drug and pharmaceutical crops industry",SVN,0.0013230823166117446,SRB,2012
2286,IDN,Seeds and plant propagation industry,SVN,0.0,SRB,2012
2287,IDN,Raising of cattle industry,SVN,0.0009264318933634529,SRB,2012
2288,IDN,Growing wheat industry,SWE,0.0,SRB,2012
2289,IDN,Growing maize industry,SWE,0.0010570237982907293,SRB,2012
2290,IDN,Growing cereals n.e.c industry,SWE,0.0,SRB,2012
2291,IDN,Growing leguminous crops and oil seeds industry,SWE,0.026343928342979935,SRB,2012
2292,IDN,Growing rice industry,SWE,9.570826535792094e-07,SRB,2012
2293,IDN,"Growing vegetables, roots, tubers industry",SWE,0.0,SRB,2012
2294,IDN,Growing sugar beet and cane industry,SWE,0.0005432780755564831,SRB,2012
2295,IDN,Growing tobacco industry,SWE,0.0007237756271811486,SRB,2012
2296,IDN,Growing fibre crops industry,SWE,1.7121160381183586e-08,SRB,2012
2297,IDN,Growing crops n.e.c. industry,SWE,0.0026900540814954773,SRB,2012
2298,IDN,Growing grapes industry,SWE,0.0,SRB,2012
2299,IDN,Growing fruits and nuts industry,SWE,0.0015830487705316555,SRB,2012
2300,IDN,"Growing beverage crops (coffee, tea etc) industry",SWE,0.00040519004651362947,SRB,2012
2301,IDN,"Growing spices, aromatic, drug and pharmaceutical crops industry",SWE,0.000984047505758101,SRB,2012
2302,IDN,Seeds and plant propagation industry,SWE,0.0,SRB,2012
2303,IDN,Raising of cattle industry,SWE,0.0006473101006094045,SRB,2012
2304,IDN,Growing wheat industry,SYR,0.0,SRB,2012
2305,IDN,Growing maize industry,SYR,0.000646549724351992,SRB,2012
2306,IDN,Growing cereals n.e.c industry,SYR,0.0,SRB,2012
2307,IDN,Growing leguminous crops and oil seeds industry,SYR,0.012558568542152605,SRB,2012
2308,IDN,Growing rice industry,SYR,2.9112494409044334e-07,SRB,2012
2309,IDN,"Growing vegetables, roots, tubers industry",SYR,0.0,SRB,2012
2310,IDN,Growing sugar beet and cane industry,SYR,0.00015071874005110022,SRB,2012
2311,IDN,Growing tobacco industry,SYR,0.00012588986460330585,SRB,2012
2312,IDN,Growing fibre crops industry,SYR,3.727123458324425e-09,SRB,2012
2313,IDN,Growing crops n.e.c. industry,SYR,0.0006505650041735529,SRB,2012
2314,IDN,Growing grapes industry,SYR,0.0,SRB,2012
2315,IDN,Growing fruits and nuts industry,SYR,0.0004911743475885552,SRB,2012
2316,IDN,"Growing beverage crops (coffee, tea etc) industry",SYR,7.400804823220455e-05,SRB,2012
2317,IDN,"Growing spices, aromatic, drug and pharmaceutical crops industry",SYR,0.00018428965392910346,SRB,2012
2318,IDN,Seeds and plant propagation industry,SYR,0.0,SRB,2012
2319,IDN,Raising of cattle industry,SYR,0.00013359246212396483,SRB,2012
2320,IDN,Growing wheat industry,TCD,0.0,SRB,2012
2321,IDN,Growing maize industry,TCD,4.87564728554642e-06,SRB,2012
2322,IDN,Growing cereals n.e.c industry,TCD,0.0,SRB,2012
2323,IDN,Growing leguminous crops and oil seeds industry,TCD,0.00012503106986730398,SRB,2012
2324,IDN,Growing rice industry,TCD,3.6601627050112743e-09,SRB,2012
2325,IDN,"Growing vegetables, roots, tubers industry",TCD,0.0,SRB,2012
2326,IDN,Growing sugar beet and cane industry,TCD,2.170016991511024e-06,SRB,2012
2327,IDN,Growing tobacco industry,TCD,2.1957589927293624e-06,SRB,2012
2328,IDN,Growing fibre crops industry,TCD,5.93539027024108e-11,SRB,2012
2329,IDN,Growing crops n.e.c. industry,TCD,1.046237900796381e-05,SRB,2012
2330,IDN,Growing grapes industry,TCD,0.0,SRB,2012
2331,IDN,Growing fruits and nuts industry,TCD,6.504088125698228e-06,SRB,2012
2332,IDN,"Growing beverage crops (coffee, tea etc) industry",TCD,1.2768450999356855e-06,SRB,2012
2333,IDN,"Growing spices, aromatic, drug and pharmaceutical crops industry",TCD,3.1449764685835715e-06,SRB,2012
2334,IDN,Seeds and plant propagation industry,TCD,0.0,SRB,2012
2335,IDN,Raising of cattle industry,TCD,2.1807830489544527e-06,SRB,2012
2336,IDN,Growing wheat industry,TGO,0.0,SRB,2012
2337,IDN,Growing maize industry,TGO,2.7731038281427086e-06,SRB,2012
2338,IDN,Growing cereals n.e.c industry,TGO,0.0,SRB,2012
2339,IDN,Growing leguminous crops and oil seeds industry,TGO,7.198414248345389e-05,SRB,2012
2340,IDN,Growing rice industry,TGO,1.9875106030565193e-09,SRB,2012
2341,IDN,"Growing vegetables, roots, tubers industry",TGO,0.0,SRB,2012
2342,IDN,Growing sugar beet and cane industry,TGO,1.0836542418113822e-06,SRB,2012
2343,IDN,Growing tobacco industry,TGO,1.0342701221121292e-06,SRB,2012
2344,IDN,Growing fibre crops industry,TGO,2.985900765721839e-11,SRB,2012
2345,IDN,Growing crops n.e.c. industry,TGO,5.095611799244675e-06,SRB,2012
2346,IDN,Growing grapes industry,TGO,0.0,SRB,2012
2347,IDN,Growing fruits and nuts industry,TGO,3.4935587892736905e-06,SRB,2012
2348,IDN,"Growing beverage crops (coffee, tea etc) industry",TGO,5.989947365417565e-07,SRB,2012
2349,IDN,"Growing spices, aromatic, drug and pharmaceutical crops industry",TGO,1.56391477005458e-06,SRB,2012
2350,IDN,Seeds and plant propagation industry,TGO,0.0,SRB,2012
2351,IDN,Raising of cattle industry,TGO,1.0841628128757907e-06,SRB,2012
2352,IDN,Growing wheat industry,THA,0.0,SRB,2012
2353,IDN,Growing maize industry,THA,0.0018698171544153657,SRB,2012
2354,IDN,Growing cereals n.e.c industry,THA,0.0,SRB,2012
2355,IDN,Growing leguminous crops and oil seeds industry,THA,0.04902118560684165,SRB,2012
2356,IDN,Growing rice industry,THA,1.5033032289781131e-06,SRB,2012
2357,IDN,"Growing vegetables, roots, tubers industry",THA,0.0,SRB,2012
2358,IDN,Growing sugar beet and cane industry,THA,0.0008931178651370123,SRB,2012
2359,IDN,Growing tobacco industry,THA,0.001022318361931414,SRB,2012
2360,IDN,Growing fibre crops industry,THA,2.5823929514623682e-08,SRB,2012
2361,IDN,Growing crops n.e.c. industry,THA,0.005807547919874043,SRB,2012
2362,IDN,Growing grapes industry,THA,0.0,SRB,2012
2363,IDN,Growing fruits and nuts industry,THA,0.0024487025871999424,SRB,2012
2364,IDN,"Growing beverage crops (coffee, tea etc) industry",THA,0.0006260845494832258,SRB,2012
2365,IDN,"Growing spices, aromatic, drug and pharmaceutical crops industry",THA,0.0012821826952672593,SRB,2012
2366,IDN,Seeds and plant propagation industry,THA,0.0,SRB,2012
2367,IDN,Raising of cattle industry,THA,0.0010092577989000873,SRB,2012
2368,IDN,Growing wheat industry,TJK,0.0,SRB,2012
2369,IDN,Growing maize industry,TJK,2.9532401675731936e-05,SRB,2012
2370,IDN,Growing cereals n.e.c industry,TJK,0.0,SRB,2012
2371,IDN,Growing leguminous crops and oil seeds industry,TJK,0.0008261203452215855,SRB,2012
2372,IDN,Growing rice industry,TJK,2.2807767554849164e-08,SRB,2012
2373,IDN,"Growing vegetables, roots, tubers industry",TJK,0.0,SRB,2012
2374,IDN,Growing sugar beet and cane industry,TJK,1.1330899125161013e-05,SRB,2012
2375,IDN,Growing tobacco industry,TJK,9.760291215471096e-06,SRB,2012
2376,IDN,Growing fibre crops industry,TJK,3.21421660099261e-10,SRB,2012
2377,IDN,Growing crops n.e.c. industry,TJK,6.0872793588820054e-05,SRB,2012
2378,IDN,Growing grapes industry,TJK,0.0,SRB,2012
2379,IDN,Growing fruits and nuts industry,TJK,4.219449858918384e-05,SRB,2012
2380,IDN,"Growing beverage crops (coffee, tea etc) industry",TJK,6.756220175141503e-06,SRB,2012
2381,IDN,"Growing spices, aromatic, drug and pharmaceutical crops industry",TJK,1.867456110912385e-05,SRB,2012
2382,IDN,Seeds and plant propagation industry,TJK,0.0,SRB,2012
2383,IDN,Raising of cattle industry,TJK,1.1447287856753427e-05,SRB,2012
2384,IDN,Growing wheat industry,TKM,0.0,SRB,2012
2385,IDN,Growing maize industry,TKM,1.8853517283101994e-05,SRB,2012
2386,IDN,Growing cereals n.e.c industry,TKM,0.0,SRB,2012
2387,IDN,Growing leguminous crops and oil seeds industry,TKM,0.0005705189837017481,SRB,2012
2388,IDN,Growing rice industry,TKM,1.5735012170955173e-08,SRB,2012
2389,IDN,"Growing vegetables, roots, tubers industry",TKM,0.0,SRB,2012
2390,IDN,Growing sugar beet and cane industry,TKM,7.828520357773143e-06,SRB,2012
2391,IDN,Growing tobacco industry,TKM,6.601749671487631e-06,SRB,2012
2392,IDN,Growing fibre crops industry,TKM,2.2265181865648114e-10,SRB,2012
2393,IDN,Growing crops n.e.c. industry,TKM,3.797775469169299e-05,SRB,2012
2394,IDN,Growing grapes industry,TKM,0.0,SRB,2012
2395,IDN,Growing fruits and nuts industry,TKM,2.4998090433413633e-05,SRB,2012
2396,IDN,"Growing beverage crops (coffee, tea etc) industry",TKM,4.133581854623972e-06,SRB,2012
2397,IDN,"Growing spices, aromatic, drug and pharmaceutical crops industry",TKM,1.2145986376912835e-05,SRB,2012
2398,IDN,Seeds and plant propagation industry,TKM,0.0,SRB,2012
2399,IDN,Raising of cattle industry,TKM,7.770791172942409e-06,SRB,2012
2400,IDN,Growing wheat industry,TUN,0.0,SRB,2012
2401,IDN,Growing maize industry,TUN,0.00019696527589779382,SRB,2012
2402,IDN,Growing cereals n.e.c industry,TUN,0.0,SRB,2012
2403,IDN,Growing leguminous crops and oil seeds industry,TUN,0.006295559856530112,SRB,2012
2404,IDN,Growing rice industry,TUN,1.63309444894812e-07,SRB,2012
2405,IDN,"Growing vegetables, roots, tubers industry",TUN,0.0,SRB,2012
2406,IDN,Growing sugar beet and cane industry,TUN,8.870229839095221e-05,SRB,2012
2407,IDN,Growing tobacco industry,TUN,7.731886070517832e-05,SRB,2012
2408,IDN,Growing fibre crops industry,TUN,2.4256601937151294e-09,SRB,2012
2409,IDN,Growing crops n.e.c. industry,TUN,0.00047457672838879355,SRB,2012
2410,IDN,Growing grapes industry,TUN,0.0,SRB,2012
2411,IDN,Growing fruits and nuts industry,TUN,0.00026390604187690944,SRB,2012
2412,IDN,"Growing beverage crops (coffee, tea etc) industry",TUN,5.356317652108583e-05,SRB,2012
2413,IDN,"Growing spices, aromatic, drug and pharmaceutical crops industry",TUN,0.00013439584559367482,SRB,2012
2414,IDN,Seeds and plant propagation industry,TUN,0.0,SRB,2012
2415,IDN,Raising of cattle industry,TUN,9.317095858435307e-05,SRB,2012
2416,IDN,Growing wheat industry,TUR,0.0,SRB,2012
2417,IDN,Growing maize industry,TUR,0.0025087395097691673,SRB,2012
2418,IDN,Growing cereals n.e.c industry,TUR,0.0,SRB,2012
2419,IDN,Growing leguminous crops and oil seeds industry,TUR,0.07106722241603032,SRB,2012
2420,IDN,Growing rice industry,TUR,2.2878336242870513e-06,SRB,2012
2421,IDN,"Growing vegetables, roots, tubers industry",TUR,0.0,SRB,2012
2422,IDN,Growing sugar beet and cane industry,TUR,0.0011968619180876237,SRB,2012
2423,IDN,Growing tobacco industry,TUR,0.0011070105944824135,SRB,2012
2424,IDN,Growing fibre crops industry,TUR,3.951927534486182e-08,SRB,2012
2425,IDN,Growing crops n.e.c. industry,TUR,0.005831529703946179,SRB,2012
2426,IDN,Growing grapes industry,TUR,0.0,SRB,2012
2427,IDN,Growing fruits and nuts industry,TUR,0.003614845347925134,SRB,2012
2428,IDN,"Growing beverage crops (coffee, tea etc) industry",TUR,0.0008111930496148957,SRB,2012
2429,IDN,"Growing spices, aromatic, drug and pharmaceutical crops industry",TUR,0.0020980285105052523,SRB,2012
2430,IDN,Seeds and plant propagation industry,TUR,0.0,SRB,2012
2431,IDN,Raising of cattle industry,TUR,0.001147928461752253,SRB,2012
2432,IDN,Growing wheat industry,TZA,0.0,SRB,2012
2433,IDN,Growing maize industry,TZA,0.00016032350641904705,SRB,2012
2434,IDN,Growing cereals n.e.c industry,TZA,0.0,SRB,2012
2435,IDN,Growing leguminous crops and oil seeds industry,TZA,0.005128422674451705,SRB,2012
2436,IDN,Growing rice industry,TZA,1.391233375704975e-07,SRB,2012
2437,IDN,"Growing vegetables, roots, tubers industry",TZA,0.0,SRB,2012
2438,IDN,Growing sugar beet and cane industry,TZA,7.014540189693286e-05,SRB,2012
2439,IDN,Growing tobacco industry,TZA,5.7171208141244724e-05,SRB,2012
2440,IDN,Growing fibre crops industry,TZA,1.7733579701231397e-09,SRB,2012
2441,IDN,Growing crops n.e.c. industry,TZA,0.0002993618901628191,SRB,2012
2442,IDN,Growing grapes industry,TZA,0.0,SRB,2012
2443,IDN,Growing fruits and nuts industry,TZA,0.0002456968686245475,SRB,2012
2444,IDN,"Growing beverage crops (coffee, tea etc) industry",TZA,3.261600761705048e-05,SRB,2012
2445,IDN,"Growing spices, aromatic, drug and pharmaceutical crops industry",TZA,9.132188158763184e-05,SRB,2012
2446,IDN,Seeds and plant propagation industry,TZA,0.0,SRB,2012
2447,IDN,Raising of cattle industry,TZA,7.155974049175691e-05,SRB,2012
2448,IDN,Growing wheat industry,UGA,0.0,SRB,2012
2449,IDN,Growing maize industry,UGA,2.288261447138326e-05,SRB,2012
2450,IDN,Growing cereals n.e.c industry,UGA,0.0,SRB,2012
2451,IDN,Growing leguminous crops and oil seeds industry,UGA,0.0006650393970054392,SRB,2012
2452,IDN,Growing rice industry,UGA,1.8875102596826725e-08,SRB,2012
2453,IDN,"Growing vegetables, roots, tubers industry",UGA,0.0,SRB,2012
2454,IDN,Growing sugar beet and cane industry,UGA,9.97025631216069e-06,SRB,2012
2455,IDN,Growing tobacco industry,UGA,1.0039738846320115e-05,SRB,2012
2456,IDN,Growing fibre crops industry,UGA,2.81158402621126e-10,SRB,2012
2457,IDN,Growing crops n.e.c. industry,UGA,4.998228425689043e-05,SRB,2012
2458,IDN,Growing grapes industry,UGA,0.0,SRB,2012
2459,IDN,Growing fruits and nuts industry,UGA,3.1538301681907003e-05,SRB,2012
2460,IDN,"Growing beverage crops (coffee, tea etc) industry",UGA,5.716484755929353e-06,SRB,2012
2461,IDN,"Growing spices, aromatic, drug and pharmaceutical crops industry",UGA,1.6428632695252983e-05,SRB,2012
2462,IDN,Seeds and plant propagation industry,UGA,0.0,SRB,2012
2463,IDN,Raising of cattle industry,UGA,1.0725875237436595e-05,SRB,2012
2464,IDN,Growing wheat industry,UKR,0.0,SRB,2012
2465,IDN,Growing maize industry,UKR,0.0007819174081492506,SRB,2012
2466,IDN,Growing cereals n.e.c industry,UKR,0.0,SRB,2012
2467,IDN,Growing leguminous crops and oil seeds industry,UKR,0.023266561223698756,SRB,2012
2468,IDN,Growing rice industry,UKR,5.835971362892343e-07,SRB,2012
2469,IDN,"Growing vegetables, roots, tubers industry",UKR,0.0,SRB,2012
2470,IDN,Growing sugar beet and cane industry,UKR,0.0002828810561849486,SRB,2012
2471,IDN,Growing tobacco industry,UKR,0.0003185975064022652,SRB,2012
2472,IDN,Growing fibre crops industry,UKR,1.0214771102168637e-08,SRB,2012
2473,IDN,Growing crops n.e.c. industry,UKR,0.0016990967198304938,SRB,2012
2474,IDN,Growing grapes industry,UKR,0.0,SRB,2012
2475,IDN,Growing fruits and nuts industry,UKR,0.0009666842736092582,SRB,2012
2476,IDN,"Growing beverage crops (coffee, tea etc) industry",UKR,0.0002115697293159012,SRB,2012
2477,IDN,"Growing spices, aromatic, drug and pharmaceutical crops industry",UKR,0.0005037171736043413,SRB,2012
2478,IDN,Seeds and plant propagation industry,UKR,0.0,SRB,2012
2479,IDN,Raising of cattle industry,UKR,0.0003259026275378542,SRB,2012
2480,IDN,Growing wheat industry,URY,0.0,SRB,2012
2481,IDN,Growing maize industry,URY,1.8366788867464773e-05,SRB,2012
2482,IDN,Growing cereals n.e.c industry,URY,0.0,SRB,2012
2483,IDN,Growing leguminous crops and oil seeds industry,URY,0.0004915676279415814,SRB,2012
2484,IDN,Growing rice industry,URY,1.5280787565175708e-08,SRB,2012
2485,IDN,"Growing vegetables, roots, tubers industry",URY,0.0,SRB,2012
2486,IDN,Growing sugar beet and cane industry,URY,9.054551619887304e-06,SRB,2012
2487,IDN,Growing tobacco industry,URY,1.2096334065218451e-05,SRB,2012
2488,IDN,Growing fibre crops industry,URY,2.789021175526322e-10,SRB,2012
2489,IDN,Growing crops n.e.c. industry,URY,4.394845112846784e-05,SRB,2012
2490,IDN,Growing grapes industry,URY,0.0,SRB,2012
2491,IDN,Growing fruits and nuts industry,URY,2.8005226977291824e-05,SRB,2012
2492,IDN,"Growing beverage crops (coffee, tea etc) industry",URY,5.750198897754305e-06,SRB,2012
2493,IDN,"Growing spices, aromatic, drug and pharmaceutical crops industry",URY,1.304763574242021e-05,SRB,2012
2494,IDN,Seeds and plant propagation industry,URY,0.0,SRB,2012
2495,IDN,Raising of cattle industry,URY,9.92029459911166e-06,SRB,2012
2496,IDN,Growing wheat industry,USA,0.0,SRB,2012
2497,IDN,Growing maize industry,USA,0.01397762407605609,SRB,2012
2498,IDN,Growing cereals n.e.c industry,USA,0.0,SRB,2012
2499,IDN,Growing leguminous crops and oil seeds industry,USA,0.38545306028195947,SRB,2012
2500,IDN,Growing rice industry,USA,1.117326948623528e-05,SRB,2012
2501,IDN,"Growing vegetables, roots, tubers industry",USA,0.0,SRB,2012
2502,IDN,Growing sugar beet and cane industry,USA,0.0065131707980604124,SRB,2012
2503,IDN,Growing tobacco industry,USA,0.012854185396005404,SRB,2012
2504,IDN,Growing fibre crops industry,USA,2.112313757774043e-07,SRB,2012
2505,IDN,Growing crops n.e.c. industry,USA,0.03216230802497586,SRB,2012
2506,IDN,Growing grapes industry,USA,0.0,SRB,2012
2507,IDN,Growing fruits and nuts industry,USA,0.02173597294373781,SRB,2012
2508,IDN,"Growing beverage crops (coffee, tea etc) industry",USA,0.011765588053771628,SRB,2012
2509,IDN,"Growing spices, aromatic, drug and pharmaceutical crops industry",USA,0.013010496997749305,SRB,2012
2510,IDN,Seeds and plant propagation industry,USA,0.0,SRB,2012
2511,IDN,Raising of cattle industry,USA,0.006917473636479795,SRB,2012
2512,IDN,Growing wheat industry,UZB,0.0,SRB,2012
2513,IDN,Growing maize industry,UZB,7.255630639507298e-05,SRB,2012
2514,IDN,Growing cereals n.e.c industry,UZB,0.0,SRB,2012
2515,IDN,Growing leguminous crops and oil seeds industry,UZB,0.0023476819555003888,SRB,2012
2516,IDN,Growing rice industry,UZB,6.47027309864212e-08,SRB,2012
2517,IDN,"Growing vegetables, roots, tubers industry",UZB,0.0,SRB,2012
2518,IDN,Growing sugar beet and cane industry,UZB,3.063522574804119e-05,SRB,2012
2519,IDN,Growing tobacco industry,UZB,2.6219609965762318e-05,SRB,2012
2520,IDN,Growing fibre crops industry,UZB,7.881049888689301e-10,SRB,2012
2521,IDN,Growing crops n.e.c. industry,UZB,0.00014971670641998147,SRB,2012
2522,IDN,Growing grapes industry,UZB,0.0,SRB,2012
2523,IDN,Growing fruits and nuts industry,UZB,0.00010242884730863576,SRB,2012
2524,IDN,"Growing beverage crops (coffee, tea etc) industry",UZB,1.6208844751713748e-05,SRB,2012
2525,IDN,"Growing spices, aromatic, drug and pharmaceutical crops industry",UZB,5.309687420326238e-05,SRB,2012
2526,IDN,Seeds and plant propagation industry,UZB,0.0,SRB,2012
2527,IDN,Raising of cattle industry,UZB,3.0750239896476486e-05,SRB,2012
2528,IDN,Growing wheat industry,VEN,0.0,SRB,2012
2529,IDN,Growing maize industry,VEN,8.404628968966558e-05,SRB,2012
2530,IDN,Growing cereals n.e.c industry,VEN,0.0,SRB,2012
2531,IDN,Growing leguminous crops and oil seeds industry,VEN,0.002377275812731542,SRB,2012
2532,IDN,Growing rice industry,VEN,6.994571353272455e-08,SRB,2012
2533,IDN,"Growing vegetables, roots, tubers industry",VEN,0.0,SRB,2012
2534,IDN,Growing sugar beet and cane industry,VEN,3.90489364730845e-05,SRB,2012
2535,IDN,Growing tobacco industry,VEN,4.389367003733274e-05,SRB,2012
2536,IDN,Growing fibre crops industry,VEN,1.1214213470865153e-09,SRB,2012
2537,IDN,Growing crops n.e.c. industry,VEN,0.00018218614613826306,SRB,2012
2538,IDN,Growing grapes industry,VEN,0.0,SRB,2012
2539,IDN,Growing fruits and nuts industry,VEN,0.00012235426072722643,SRB,2012
2540,IDN,"Growing beverage crops (coffee, tea etc) industry",VEN,2.259818331220594e-05,SRB,2012
2541,IDN,"Growing spices, aromatic, drug and pharmaceutical crops industry",VEN,5.5391285397921366e-05,SRB,2012
2542,IDN,Seeds and plant propagation industry,VEN,0.0,SRB,2012
2543,IDN,Raising of cattle industry,VEN,4.0427696593395275e-05,SRB,2012
2544,IDN,Growing wheat industry,VNM,0.0,SRB,2012
2545,IDN,Growing maize industry,VNM,0.00016968537142197747,SRB,2012
2546,IDN,Growing cereals n.e.c industry,VNM,0.0,SRB,2012
2547,IDN,Growing leguminous crops and oil seeds industry,VNM,0.004795847101334733,SRB,2012
2548,IDN,Growing rice industry,VNM,1.475848261006635e-07,SRB,2012
2549,IDN,"Growing vegetables, roots, tubers industry",VNM,0.0,SRB,2012
2550,IDN,Growing sugar beet and cane industry,VNM,8.015697373465651e-05,SRB,2012
2551,IDN,Growing tobacco industry,VNM,7.154827534532842e-05,SRB,2012
2552,IDN,Growing fibre crops industry,VNM,4.25592808091056e-09,SRB,2012
2553,IDN,Growing crops n.e.c. industry,VNM,0.00038571169874348127,SRB,2012
2554,IDN,Growing grapes industry,VNM,0.0,SRB,2012
2555,IDN,Growing fruits and nuts industry,VNM,0.00023531369860146605,SRB,2012
2556,IDN,"Growing beverage crops (coffee, tea etc) industry",VNM,4.25212203542032e-05,SRB,2012
2557,IDN,"Growing spices, aromatic, drug and pharmaceutical crops industry",VNM,0.00012838706544179886,SRB,2012
2558,IDN,Seeds and plant propagation industry,VNM,0.0,SRB,2012
2559,IDN,Raising of cattle industry,VNM,7.958630596659292e-05,SRB,2012
2560,IDN,Growing wheat industry,YEM,0.0,SRB,2012
2561,IDN,Growing maize industry,YEM,3.923412601387589e-05,SRB,2012
2562,IDN,Growing cereals n.e.c industry,YEM,0.0,SRB,2012
2563,IDN,Growing leguminous crops and oil seeds industry,YEM,0.0010851744225722452,SRB,2012
2564,IDN,Growing rice industry,YEM,3.1003395067802096e-08,SRB,2012
2565,IDN,"Growing vegetables, roots, tubers industry",YEM,0.0,SRB,2012
2566,IDN,Growing sugar beet and cane industry,YEM,1.4809711698715122e-05,SRB,2012
2567,IDN,Growing tobacco industry,YEM,1.3016869159210736e-05,SRB,2012
2568,IDN,Growing fibre crops industry,YEM,3.7570539958801114e-10,SRB,2012
2569,IDN,Growing crops n.e.c. industry,YEM,7.881597049101695e-05,SRB,2012
2570,IDN,Growing grapes industry,YEM,0.0,SRB,2012
2571,IDN,Growing fruits and nuts industry,YEM,4.8339302232582595e-05,SRB,2012
2572,IDN,"Growing beverage crops (coffee, tea etc) industry",YEM,7.84143732102436e-06,SRB,2012
2573,IDN,"Growing spices, aromatic, drug and pharmaceutical crops industry",YEM,2.4932427644993566e-05,SRB,2012
2574,IDN,Seeds and plant propagation industry,YEM,0.0,SRB,2012
2575,IDN,Raising of cattle industry,YEM,1.4479679742836714e-05,SRB,2012
2576,IDN,Growing wheat industry,ZAF,0.0,SRB,2012
2577,IDN,Growing maize industry,ZAF,0.0019337997210016923,SRB,2012
2578,IDN,Growing cereals n.e.c industry,ZAF,0.0,SRB,2012
2579,IDN,Growing leguminous crops and oil seeds industry,ZAF,0.06402073483889745,SRB,2012
2580,IDN,Growing rice industry,ZAF,1.742792434117443e-06,SRB,2012
2581,IDN,"Growing vegetables, roots, tubers industry",ZAF,0.0,SRB,2012
2582,IDN,Growing sugar beet and cane industry,ZAF,0.0009259157017351553,SRB,2012
2583,IDN,Growing tobacco industry,ZAF,0.0013611336105143956,SRB,2012
2584,IDN,Growing fibre crops industry,ZAF,2.494921043494925e-08,SRB,2012
2585,IDN,Growing crops n.e.c. industry,ZAF,0.003754795930541491,SRB,2012
2586,IDN,Growing grapes industry,ZAF,0.0,SRB,2012
2587,IDN,Growing fruits and nuts industry,ZAF,0.0029702580389311273,SRB,2012
2588,IDN,"Growing beverage crops (coffee, tea etc) industry",ZAF,0.0006319317487906968,SRB,2012
2589,IDN,"Growing spices, aromatic, drug and pharmaceutical crops industry",ZAF,0.0011813005267927324,SRB,2012
2590,IDN,Seeds and plant propagation industry,ZAF,0.0,SRB,2012
2591,IDN,Raising of cattle industry,ZAF,0.0008471938333070479,SRB,2012
2592,IDN,Growing wheat industry,ZMB,0.0,SRB,2012
2593,IDN,Growing maize industry,ZMB,1.8436478046654922e-05,SRB,2012
2594,IDN,Growing cereals n.e.c industry,ZMB,0.0,SRB,2012
2595,IDN,Growing leguminous crops and oil seeds industry,ZMB,0.0004951474629837495,SRB,2012
2596,IDN,Growing rice industry,ZMB,1.3801838751797157e-08,SRB,2012
2597,IDN,"Growing vegetables, roots, tubers industry",ZMB,0.0,SRB,2012
2598,IDN,Growing sugar beet and cane industry,ZMB,7.079165901816923e-06,SRB,2012
2599,IDN,Growing tobacco industry,ZMB,8.250676292445284e-06,SRB,2012
2600,IDN,Growing fibre crops industry,ZMB,2.0237034470213767e-10,SRB,2012
2601,IDN,Growing crops n.e.c. industry,ZMB,3.115029184457139e-05,SRB,2012
2602,IDN,Growing grapes industry,ZMB,0.0,SRB,2012
2603,IDN,Growing fruits and nuts industry,ZMB,2.3706000470973364e-05,SRB,2012
2604,IDN,"Growing beverage crops (coffee, tea etc) industry",ZMB,4.258937920541608e-06,SRB,2012
2605,IDN,"Growing spices, aromatic, drug and pharmaceutical crops industry",ZMB,1.1788927216797167e-05,SRB,2012
2606,IDN,Seeds and plant propagation industry,ZMB,0.0,SRB,2012
2607,IDN,Raising of cattle industry,ZMB,7.374232092353159e-06,SRB,2012
2608,IDN,Growing wheat industry,ZWE,0.0,SRB,2012
2609,IDN,Growing maize industry,ZWE,1.3008691327409247e-05,SRB,2012
2610,IDN,Growing cereals n.e.c industry,ZWE,0.0,SRB,2012
2611,IDN,Growing leguminous crops and oil seeds industry,ZWE,0.00036742688597768967,SRB,2012
2612,IDN,Growing rice industry,ZWE,1.0687675758987684e-08,SRB,2012
2613,IDN,"Growing vegetables, roots, tubers industry",ZWE,0.0,SRB,2012
2614,IDN,Growing sugar beet and cane industry,ZWE,5.581413467778361e-06,SRB,2012
2615,IDN,Growing tobacco industry,ZWE,7.183072445995913e-06,SRB,2012
2616,IDN,Growing fibre crops industry,ZWE,1.555802688223979e-10,SRB,2012
2617,IDN,Growing crops n.e.c. industry,ZWE,2.5101204532635334e-05,SRB,2012
2618,IDN,Growing grapes industry,ZWE,0.0,SRB,2012
2619,IDN,Growing fruits and nuts industry,ZWE,1.8362251224906192e-05,SRB,2012
2620,IDN,"Growing beverage crops (coffee, tea etc) industry",ZWE,3.562263779150293e-06,SRB,2012
2621,IDN,"Growing spices, aromatic, drug and pharmaceutical crops industry",ZWE,8.882662791511011e-06,SRB,2012
2622,IDN,Seeds and plant propagation industry,ZWE,0.0,SRB,2012
2623,IDN,Raising of cattle industry,ZWE,5.434922304493906e-06,SRB,2012
